P 14 14 0 9 1
P 8.0738471957 8.00946309743 1 100 5
P 19.9261528043 19.9905369026 2 100 5
P 16.1773363929 22.1778066374 0 27 3
P 11.8226636071 5.82219336263 0 27 3
P 17.89620879 3.34109470069 0 41 5
P 10.10379121 24.6589052993 0 41 5
P 17.3989974954 14.185961032 0 65 3
P 10.6010025046 13.814038968 0 65 3
P 13.6695381287 10.496984923 0 3 5
P 14.3304618713 17.503015077 0 3 5
P 15.4566162023 11.6380420317 0 33 4
P 12.5433837977 16.3619579683 0 33 4
P 12.0310891506 19.8231110905 0 2 2
P 15.9689108494 8.17688890955 0 2 2
P 4.33169225817 10.2779049503 0 59 5
P 23.6683077418 17.7220950497 0 59 5
P 8.16157339508 13.5502720549 0 70 3
P 19.8384266049 14.4497279451 0 70 3
P 4.57286243706 7.34525647414 0 91 1
P 23.4271375629 20.6547435259 0 91 1
P 16.2877486217 3.80708969447 0 96 2
P 11.7122513783 24.1929103055 0 96 2
P 9.74981231789 21.4271179343 0 12 4
P 18.2501876821 6.57288206574 0 12 4
P 12.4396804098 17.4807069536 0 100 3
P 15.5603195902 10.5192930464 0 100 3
P 6.23214878672 12.812117765 0 61 3
P 21.7678512133 15.187882235 0 61 3
