P 14 14 0 88 5
P 19.2658133236 21.8269466639 1 100 5
P 8.73418667643 6.17305333607 2 100 5
P 6.6292088317 10.1824989253 0 33 2
P 21.3707911683 17.8175010747 0 33 2
P 18.2625251944 8.73009791627 0 33 3
P 9.73747480561 19.2699020837 0 33 3
P 6.71791618044 5.11625645626 0 48 5
P 21.2820838196 22.8837435437 0 48 5
P 4.99814290995 19.6238953702 0 16 1
P 23.0018570901 8.37610462978 0 16 1
P 15.858160767 25.1588114995 0 88 5
P 12.141839233 2.84118850051 0 88 5
P 23.3546070927 16.528283038 0 80 3
P 4.64539290733 11.471716962 0 80 3
P 13.0863435491 22.4371426379 0 83 3
P 14.9136564509 5.56285736209 0 83 3
P 16.6922645272 8.92249501135 0 29 2
P 11.3077354728 19.0775049887 0 29 2
P 20.7019487804 20.5301559791 0 64 3
P 7.29805121961 7.46984402085 0 64 3
P 4.12829657065 9.12099451998 0 4 5
P 23.8717034293 18.87900548 0 4 5
P 12.6843127224 25.2578015138 0 87 2
P 15.3156872776 2.74219848623 0 87 2
P 3.6623850918 16.083815537 0 30 4
P 24.3376149082 11.916184463 0 30 4
