P 14 14 0 98 4
P 18.9446082628 21.5820138472 1 100 5
P 9.05539173721 6.41798615276 2 100 5
P 9.73512214799 16.7813389281 0 9 2
P 18.264877852 11.2186610719 0 9 2
P 8.26448334069 17.7404156252 0 57 4
P 19.7355166593 10.2595843748 0 57 4
P 15.6227655959 16.2962184642 0 29 5
P 12.3772344041 11.7037815358 0 29 5
P 19.7798636 5.06431196888 0 20 4
P 8.22013639997 22.9356880311 0 20 4
P 5.59650584694 18.4617296506 0 22 2
P 22.4034941531 9.53827034938 0 22 2
P 8.6425007985 24.1460916967 0 23 4
P 19.3574992015 3.85390830332 0 23 4
