P 14 14 0 9 2
P 10.0629778404 12.864343749 1 100 5
P 17.9370221596 15.135656251 2 100 5
P 21.3730118126 14.6240938744 0 28 1
P 6.6269881874 13.3759061256 0 28 1
P 8.456299154 3.64937431294 0 89 2
P 19.543700846 24.3506256871 0 89 2
P 24.9124887923 15.9111041504 0 73 5
P 3.08751120768 12.0888958496 0 73 5
P 22.9193855691 17.7477980853 0 24 2
P 5.08061443095 10.2522019147 0 24 2
P 8.59703913486 17.7785760123 0 35 3
P 19.4029608651 10.2214239877 0 35 3
P 14.294322331 19.9510064512 0 97 3
P 13.705677669 8.04899354881 0 97 3
P 22.3349884337 15.3013889996 0 38 4
P 5.66501156634 12.6986110004 0 38 4
P 14.5488496589 2.21261735682 0 65 4
P 13.4511503411 25.7873826432 0 65 4
P 14.8813906344 24.308402958 0 10 2
P 13.1186093656 3.69159704198 0 10 2
P 11.4020268155 7.78060609921 0 54 4
P 16.5979731845 20.2193939008 0 54 4
