P 14 14 0 33 2
P 15.6287938975 8.50750447507 1 100 5
P 12.3712061025 19.4924955249 2 100 5
P 5.99448900844 11.6259739512 0 60 3
P 22.0055109916 16.3740260488 0 60 3
P 3.26524423957 10.8166192227 0 67 3
P 24.7347557604 17.1833807773 0 67 3
P 6.09157725313 18.0104854205 0 35 1
P 21.9084227469 9.98951457945 0 35 1
P 6.12205125077 7.55265851504 0 21 2
P 21.8779487492 20.447341485 0 21 2
P 9.24451888573 20.5725331006 0 7 4
P 18.7554811143 7.42746689939 0 7 4
P 6.33371703533 20.8777372942 0 69 2
P 21.6662829647 7.12226270582 0 69 2
P 4.05240851306 19.9574827689 0 55 3
P 23.9475914869 8.0425172311 0 55 3
P 9.91206046285 23.7199242747 0 35 5
P 18.0879395371 4.28007572534 0 35 5
P 14.0789349205 6.02824614348 0 58 3
P 13.9210650795 21.9717538565 0 58 3
P 17.1033139733 2.75767998055 0 76 5
P 10.8966860267 25.2423200194 0 76 5
P 9.38075054218 15.3206485357 0 91 5
P 18.6192494578 12.6793514643 0 91 5
P 18.1156248322 11.066687349 0 79 5
P 9.88437516782 16.933312651 0 79 5
P 18.6454009196 20.1462114699 0 74 3
P 9.35459908041 7.85378853012 0 74 3
