P 14 14 0 61 4
P 13.2373895018 9.77245321675 1 100 5
P 14.7626104982 18.2275467832 2 100 5
P 7.24479307278 11.9260873422 0 23 3
P 20.7552069272 16.0739126578 0 23 3
P 24.3113436595 17.3051032578 0 48 3
P 3.68865634047 10.6948967422 0 48 3
P 7.30418341353 18.0384383045 0 1 5
P 20.6958165865 9.96156169554 0 1 5
P 16.3507673045 24.7239800802 0 98 3
P 11.6492326955 3.27601991977 0 98 3
P 10.5481861877 11.7662144651 0 74 3
P 17.4518138123 16.2337855349 0 74 3
P 19.9012182321 22.4914016824 0 61 2
P 8.09878176788 5.5085983176 0 61 2
P 19.1915330754 6.60505077506 0 94 5
P 8.80846692458 21.3949492249 0 94 5
P 6.35057887558 13.3569542673 0 96 4
P 21.6494211244 14.6430457327 0 96 4
