P 14 14 0 27 0
P 11.4066703935 3.55325920725 1 100 5
P 16.5933296065 24.4467407928 2 100 5
P 10.4397809442 14.8837992314 0 59 3
P 17.5602190558 13.1162007686 0 59 3
P 3.45678356207 16.6172790039 0 31 4
P 24.5432164379 11.3827209961 0 31 4
P 5.45127867269 16.3522317538 0 65 1
P 22.5487213273 11.6477682462 0 65 1
P 8.48211476773 5.35291183591 0 54 5
P 19.5178852323 22.6470881641 0 54 5
P 19.3176152784 8.66481602161 0 39 3
P 8.68238472159 19.3351839784 0 39 3
P 17.6416782595 16.1204526934 0 78 3
P 10.3583217405 11.8795473066 0 78 3
P 19.9715607035 13.5230928408 0 34 5
P 8.02843929649 14.4769071592 0 34 5
P 14.4522808364 25.4824434937 0 12 2
P 13.5477191636 2.51755650628 0 12 2
