P 14 14 0 94 0
P 24.8375729684 17.8583013642 1 100 5
P 13.8045726094 2.49777041624 2 100 5
P 8.44993310995 17.9864435805 0 97 3
P 9.2959054243 17.3788074982 0 88 1
P 6.93704230623 19.07310685 0 66 3
P 10.4626790357 16.5407496396 0 85 5
P 5.82475814884 19.8720265976 0 73 5
P 8.9760737544 23.5307570524 0 9 1
P 3.36393324792 15.7173377531 0 9 1
P 23.0923318891 8.59038278357 0 96 4
P 22.0299062089 7.11123640374 0 96 4
P 6.31174767774 6.24259995406 0 37 1
P 18.8960716477 23.7629381676 0 37 1
P 21.9266549964 22.0321723982 0 98 2
P 8.91967408488 3.92339633296 0 98 2
P 12.1245358288 17.6635042269 0 48 1
P 9.92940623066 14.6073676339 0 48 1
P 3.12730738318 17.5891064473 0 70 2
P 7.12674584188 23.1572652636 0 70 2
