P 14 14 0 82 4
P 14.7607200756 9.047913484 1 100 5
P 9.16421040885 12.6896584699 2 100 5
P 21.1020378447 19.7538965074 0 15 5
P 16.3840372126 22.8239805719 0 15 5
P 14.0554182415 7.77542902315 0 27 2
P 8.28647238923 11.5293811973 0 27 2
P 14.9542911129 6.86926614113 0 76 1
P 7.09388217753 11.9841692739 0 76 1
P 18.8554293063 6.94494719468 0 73 2
P 5.58290523302 15.5816066255 0 73 2
P 12.4295987919 21.3750768778 0 54 1
P 21.3790767291 15.5514978359 0 54 1
P 10.6203240104 4.69948173027 0 12 5
P 6.86555464191 7.14277466369 0 12 5
