P 14 14 0 14 2
P 24.0644693639 15.1581228941 1 100 5
P 3.93553063609 12.8418771059 2 100 5
P 12.7257346496 25.0737855585 0 56 3
P 15.2742653504 2.92621444146 0 56 3
P 11.77448503 15.4014532611 0 68 5
P 16.22551497 12.5985467389 0 68 5
P 19.0801057762 3.37409887724 0 59 3
P 8.91989422377 24.6259011228 0 59 3
P 14.6994207264 21.9754437904 0 47 2
P 13.3005792736 6.02455620962 0 47 2
P 13.9919411201 2.85953749792 0 57 4
P 14.0080588799 25.1404625021 0 57 4
P 6.44291486767 16.5609596909 0 5 3
P 21.5570851323 11.4390403091 0 5 3
P 4.1477092903 13.8293571412 0 100 1
P 23.8522907097 14.1706428588 0 100 1
