P 14 14 0 13 1
P 3.29199985299 14.7031493372 1 100 5
P 13.1830421959 3.30008102436 2 100 5
P 17.562171352 10.6324651277 0 38 3
P 11.1695914649 18.0022672801 0 38 3
P 9.38715674226 23.0500896913 0 16 2
P 22.3074872842 8.15465130513 0 16 2
P 22.8011452224 7.24953396267 0 81 3
P 8.56087515493 23.6666886712 0 81 3
P 9.49433328295 14.3647048002 0 81 2
P 13.7243899277 9.4880069543 0 81 2
P 21.4664744516 17.8991172841 0 97 3
P 18.915017196 20.8406112516 0 97 3
P 3.92685286097 20.4989100864 0 3 4
P 19.010357568 3.10961696557 0 3 4
P 21.3606295296 14.604115244 0 35 4
P 15.6381190093 21.2014157227 0 35 4
P 16.8597056174 21.7363200851 0 79 2
P 22.0627785502 15.7378626899 0 79 2
P 20.7967963534 16.2639984214 0 5 1
P 17.2016777752 20.4086963531 0 5 1
