P 11.722951 11.361010 0 53 3
P 22.273415 19.790695 1 100 5
P 1.172488 2.931326 2 100 5
P 0.428487 1.137315 0 47 2
P 23.017416 21.584706 0 47 2
P 16.627309 2.208490 0 71 5
P 6.818594 20.513531 0 71 5
P 0.702323 17.085596 0 62 1
P 22.743580 5.636425 0 62 1
P 13.629328 15.047459 0 6 2
P 9.816574 7.674562 0 6 2
P 19.625321 1.640630 0 73 2
P 3.820581 21.081390 0 73 2
P 14.173064 11.767348 0 3 5
P 9.272839 10.954673 0 3 5
P 4.973288 2.843763 0 21 3
P 18.472615 19.878258 0 21 3
P 8.144839 0.000000 0 19 3
P 15.301064 22.722021 0 19 3
P 10.018802 4.920105 0 9 3
P 13.427101 17.801916 0 9 3
P 0.000000 5.458806 0 25 2
P 23.445903 17.263215 0 25 2
