P 14 14 0 13 4
P 11.9782949375 3.86926184592 1 100 5
P 11.7580392133 24.0842827577 2 100 5
P 10.1625215108 7.35614663391 0 26 5
P 10.0186715645 20.5586624089 0 26 5
P 13.4316431849 22.4114138983 0 51 5
P 13.6150519433 5.57819922875 0 51 5
P 10.3321447123 22.08479753 0 50 1
P 10.5091727498 5.83720399483 0 50 1
P 4.51354604061 13.0485786608 0 17 2
P 4.4950679038 14.744497908 0 17 2
P 18.701403716 21.5777626781 0 35 1
P 18.8653972406 6.52647380436 0 35 1
P 23.8630584895 11.2485452864 0 79 4
P 23.8007663398 16.9657048 0 79 4
P 15.5068262957 2.77016870597 0 89 1
P 15.261785073 25.2599971051 0 89 1
P 17.4098991541 6.35148429602 0 38 2
P 17.2424383726 21.7209972228 0 38 2
P 20.2714987214 22.4698839011 0 95 3
P 20.4545576698 5.66877471217 0 95 3
P 6.80942584186 12.466368413 0 25 1
P 6.77771705023 15.3765941893 0 25 1
