P 14 14 0 71 3
P 3.76353406411 11.9357790239 1 100 5
P 14.3474388101 3.56326059691 2 100 5
P 13.3072695563 13.1243025507 0 58 5
P 18.654974408 23.1997971335 0 31 5
P 21.8812817132 20.6475899838 0 31 5
P 22.8666587917 14.7624907931 0 75 4
P 12.7010874545 22.8040818112 0 75 4
P 2.8507233407 14.8907861862 0 52 3
P 17.4332091362 3.35514466597 0 52 3
P 15.7731557701 8.23826814336 0 12 4
P 7.98483669776 14.3993066743 0 12 4
P 18.6445124308 15.3940483696 0 65 3
P 14.2875408023 18.8406804133 0 65 3
P 7.24287497796 21.9318000396 0 84 4
P 23.2741717362 9.25006010163 0 84 4
