P 14 14 0 12 5
P 19.0575499716 14.9003754753 1 100 5
P 11.8187510625 18.6509827762 2 100 5
P 10.0736130925 6.42194050671 0 86 3
P 12.8261314641 11.734394034 0 23 2
P 9.52576240865 5.36457016252 0 46 1
P 10.363133897 8.12621418343 0 38 5
P 11.2989297533 7.64135435862 0 38 5
P 13.7764765092 7.06055793023 0 68 1
P 8.45980142622 9.81526359806 0 68 1
P 10.0424917022 20.8328355324 0 46 5
P 21.8644017161 14.7076008677 0 46 5
P 12.8757023229 17.0634558508 0 81 3
P 17.151067951 14.8482793084 0 81 3
P 6.72583288665 20.243066654 0 58 1
P 23.2953869152 11.6579559065 0 58 1
P 13.1049601814 24.4095066875 0 98 2
P 23.0201344557 19.2722006937 0 98 2
P 25.082265429 12.0578609625 0 79 4
P 6.02199871884 21.9334738064 0 79 4
