P 14 14 0 28 1
P 8.41548675473 16.9999103895 1 100 5
P 18.9001149988 9.97816913206 2 100 5
P 11.7170759496 10.5912144722 0 79 4
P 20.3886402839 11.0461412395 0 14 3
P 8.83632298148 18.7829327721 0 14 3
P 19.6528352415 13.7546025567 0 73 3
P 11.6209475732 19.1337000033 0 73 3
P 22.947741608 17.4844009917 0 53 1
P 13.8154296632 23.6004720689 0 53 1
P 18.2435437417 6.08127280949 0 94 5
P 5.06202931046 14.9091665185 0 94 5
P 9.44262037945 6.15129413078 0 8 2
P 8.47744647251 6.79768819314 0 8 2
P 9.06593983121 9.48567928541 0 25 4
P 11.7041322274 7.71883510531 0 25 4
P 24.9201207159 9.62416901456 0 94 1
P 5.79622201455 22.4317827313 0 94 1
P 19.830896957 18.7542383397 0 20 4
P 16.1762756792 21.2018029466 0 20 4
P 14.7275764745 5.73095448126 0 74 4
P 6.076684697 11.5246099446 0 74 4
P 4.20355115992 19.3502990296 0 50 2
P 22.6770580482 6.97826423092 0 50 2
P 19.4470115512 19.7215921535 0 44 2
P 17.2169313177 21.215116389 0 44 2
P 13.4555349034 22.1205526546 0 24 3
P 21.7162914738 16.5881776502 0 24 3
