P 14 14 0 37 4
P 9.46359753675 6.97885848452 1 100 5
P 18.5364024632 21.0211415155 2 100 5
P 4.88272355745 19.8907280562 0 83 2
P 23.1172764425 8.10927194376 0 83 2
P 8.4896987705 17.5602393166 0 99 5
P 19.5103012295 10.4397606834 0 99 5
P 18.5610303988 23.8242692847 0 17 1
P 9.43896960119 4.17573071528 0 17 1
P 6.91345631681 20.7316543746 0 81 3
P 21.0865436832 7.26834562539 0 81 3
P 21.3466335083 13.7951985105 0 33 5
P 6.65336649169 14.2048014895 0 33 5
P 18.7149655514 24.9215070036 0 78 4
P 9.28503444856 3.07849299635 0 78 4
P 20.2444413228 23.126443458 0 59 3
P 7.75555867723 4.87355654198 0 59 3
