P 14 14 0 30 1
P 13.2936762626 20.5720059518 1 100 5
P 20.2039315356 11.7193446217 2 100 5
P 21.801474379 20.0897144322 0 79 2
P 7.9187934967 21.3550061299 0 32 4
P 19.6586678053 6.3151664705 0 32 4
P 20.7158671007 16.5271743023 0 61 5
P 18.0819594828 19.9014479282 0 61 5
P 13.6100989207 22.5137374031 0 99 3
P 22.1643924675 11.5549145093 0 99 3
P 3.49117702827 15.6555934847 0 8 5
P 13.0548782017 3.40362822356 0 8 5
P 10.365109295 8.3990120746 0 71 5
P 7.68413780815 11.8335787687 0 71 5
P 8.64000952206 4.93859195395 0 100 4
P 3.90844076587 11.0001590168 0 100 4
P 10.5919906252 14.461305 0 34 3
P 13.6201552059 10.5819525845 0 34 3
P 9.13560228984 20.0640194172 0 4 4
P 18.7017013566 7.80898223809 0 4 4
P 20.4504995834 23.9850791803 0 4 4
P 25.2523374092 17.8334910907 0 4 4
P 10.0086681779 4.25350053397 0 8 2
P 3.57610816173 12.4941910814 0 8 2
P 22.0232402126 17.9552757265 0 83 5
P 19.7847250867 20.8230158473 0 83 5
