P 14 14 0 75 5
P 19.2371853873 23.1066731683 1 100 5
P 14.2845079503 24.501364778 2 100 5
P 16.3170373931 22.2280116534 0 19 4
P 15.9465764912 20.9124711155 0 48 2
P 17.7575505097 6.41360558301 0 10 5
P 6.8358362309 9.48919923156 0 10 5
P 10.988035427 15.0580903664 0 60 4
P 17.1215012895 13.3308845296 0 60 4
P 15.4405066415 4.09231502538 0 75 1
P 7.60108515417 6.29992404346 0 75 1
P 11.3455716509 25.086812908 0 65 3
P 22.0497527471 22.0724773786 0 65 3
P 20.6134078933 4.76714276159 0 90 4
P 3.54047442138 9.57494164809 0 90 4
P 19.002555706 4.67857297292 0 98 2
P 4.86839697156 8.65880242422 0 98 2
P 20.1660265747 6.36435360674 0 79 5
P 4.75558010681 10.7039902304 0 79 5
