P 14 14 0 40 2
P 15.8243547587 22.7485497751 1 100 5
P 12.1756452413 5.25145022494 2 100 5
P 10.8226525729 14.6625794043 0 83 2
P 17.1773474271 13.3374205957 0 83 2
P 20.3403844852 19.9323311106 0 1 1
P 7.65961551475 8.06766888942 0 1 1
P 2.5138282989 12.4945074806 0 29 4
P 25.4861717011 15.5054925194 0 29 4
P 11.3736489979 22.1476959334 0 42 5
P 16.6263510021 5.85230406665 0 42 5
P 11.7759306067 6.55022260481 0 33 5
P 16.2240693933 21.4497773952 0 33 5
P 13.4056719466 4.03556648261 0 6 3
P 14.5943280534 23.9644335174 0 6 3
P 5.69885453796 21.5398538657 0 13 5
P 22.301145462 6.46014613432 0 13 5
P 18.5703371076 9.80519377006 0 37 3
P 9.42966289241 18.1948062299 0 37 3
P 4.28736863408 17.0795696123 0 93 2
P 23.7126313659 10.9204303877 0 93 2
P 5.02791965117 10.6803653919 0 54 2
P 22.9720803488 17.3196346081 0 54 2
P 9.33595902986 14.2802597178 0 80 3
P 18.6640409701 13.7197402822 0 80 3
P 15.2753107959 4.07564299337 0 23 4
P 12.7246892041 23.9243570066 0 23 4
P 18.6097969451 22.8490606695 0 31 1
P 9.39020305491 5.15093933051 0 31 1
