P 14 14 0 35 3
P 11.023131371 7.66708028897 1 100 5
P 16.976868629 20.332919711 2 100 5
P 6.16979352832 17.6806871186 0 24 1
P 21.8302064717 10.3193128814 0 24 1
P 24.6293862676 19.5542329208 0 84 3
P 3.37061373241 8.44576707921 0 84 3
P 24.2064189236 10.6816402174 0 71 4
P 3.79358107641 17.3183597826 0 71 4
P 23.884269658 18.1253566832 0 90 3
P 4.11573034202 9.87464331676 0 90 3
P 8.71514646513 8.5800443717 0 92 2
P 19.2848535349 19.4199556283 0 92 2
P 9.7284806131 14.2081098818 0 80 5
P 18.2715193869 13.7918901182 0 80 5
P 14.5372967551 5.5941062203 0 27 1
P 13.4627032449 22.4058937797 0 27 1
P 7.45598422345 5.45671012622 0 83 5
P 20.5440157766 22.5432898738 0 83 5
