P 14 14 0 60 0
P 8.46713612065 13.5965055344 1 100 5
P 9.85039201518 17.6818669264 2 100 5
P 2.91749238547 17.7524082971 0 40 2
P 4.95183593354 17.0636032112 0 63 1
P 6.57681192348 16.5134052236 0 13 3
P 11.3536129697 14.8960358968 0 75 3
P 11.2502028259 12.1434451123 0 24 2
P 12.9437516641 17.1452376703 0 24 2
P 17.9880452933 11.2690154583 0 46 4
P 18.8268468851 13.7463644811 0 46 4
P 15.8120735711 3.1642955363 0 88 4
P 22.0223248135 21.5058914486 0 88 4
P 12.2392147636 15.7731973353 0 60 3
P 11.5241441327 13.6612801118 0 60 3
P 20.8952851008 18.966415118 0 58 4
P 16.4596723248 5.86610500431 0 58 4
