P 14 14 0 24 1
P 11.4352835 22.3249338491 1 100 5
P 16.5647165 5.67506615088 2 100 5
P 4.87898279219 11.1900289235 0 40 4
P 23.1210172078 16.8099710765 0 40 4
P 18.695725574 21.7478896153 0 58 2
P 9.304274426 6.25211038472 0 58 2
P 16.1567069006 10.0479126992 0 33 4
P 11.8432930994 17.9520873008 0 33 4
P 21.4721516156 21.3482339754 0 88 3
P 6.5278483844 6.65176602455 0 88 3
P 13.3664875532 25.0229486381 0 44 1
P 14.6335124468 2.97705136189 0 44 1
P 12.7654337714 7.37573617012 0 81 3
P 15.2345662286 20.6242638299 0 81 3
P 9.40256041743 8.02349248136 0 95 2
P 18.5974395826 19.9765075186 0 95 2
P 10.4948816285 7.60909478712 0 80 1
P 17.5051183715 20.3909052129 0 80 1
P 11.9267863572 2.93905690778 0 91 3
P 16.0732136428 25.0609430922 0 91 3
P 22.9190824177 7.63921408342 0 58 4
P 5.08091758232 20.3607859166 0 58 4
P 18.6581580807 9.25116085766 0 71 3
P 9.34184191931 18.7488391423 0 71 3
P 9.07433285456 5.20747002819 0 49 5
P 18.9256671454 22.7925299718 0 49 5
P 9.77540411051 16.9397305135 0 23 1
P 18.2245958895 11.0602694865 0 23 1
