P 14 14 0 32 2
P 2.28165579388 12.5773375957 1 100 5
P 25.7183442061 15.4226624043 2 100 5
P 12.7194501896 24.5477753587 0 70 3
P 15.2805498104 3.45222464134 0 70 3
P 13.2232826633 20.3977519017 0 26 1
P 14.7767173367 7.60224809831 0 26 1
P 10.554177264 14.2400981779 0 25 1
P 17.445822736 13.7599018221 0 25 1
P 9.9812675729 11.9843608874 0 92 3
P 18.0187324271 16.0156391126 0 92 3
P 20.5837680996 22.0575838798 0 86 5
P 7.4162319004 5.94241612015 0 86 5
P 12.1466547159 7.6728902305 0 95 1
P 15.8533452841 20.3271097695 0 95 1
