P 14 14 0 89 4
P 14.2076580301 3.8732495994 1 100 5
P 13.7923419699 24.1267504006 2 100 5
P 5.2402331768 13.8203731848 0 29 4
P 22.7597668232 14.1796268152 0 29 4
P 3.39633399134 13.7825623908 0 83 4
P 24.6036660087 14.2174376092 0 83 4
P 25.8053175299 14.4009945059 0 30 5
P 2.1946824701 13.5990054941 0 30 5
P 4.15957231767 12.2495774734 0 77 4
P 23.8404276823 15.7504225266 0 77 4
P 11.3828084801 22.3072041367 0 27 2
P 16.6171915199 5.69279586326 0 27 2
P 15.276170759 23.0281516972 0 98 4
P 12.723829241 4.97184830282 0 98 4
P 8.70279503003 15.4233248151 0 6 5
P 19.29720497 12.5766751849 0 6 5
P 9.69883041686 9.46093883074 0 97 2
P 18.3011695831 18.5390611693 0 97 2
