P 14 14 0 16 2
P 23.0187215685 18.5858813784 1 100 5
P 5.45020637973 8.58994678421 2 100 5
P 6.94102048071 19.2335514302 0 12 4
P 13.1073340496 22.7419906158 0 12 4
P 24.70984176 9.71261383654 0 56 5
P 12.2141175451 2.6029383394 0 56 5
P 18.9503616421 8.09550006993 0 32 4
P 16.5467116321 6.72789853795 0 32 4
P 18.0209219313 24.3912722684 0 57 3
P 3.01292907345 15.8521946409 0 57 3
P 25.5302931631 11.4502070622 0 66 1
P 10.3012413559 2.7853538199 0 66 1
P 22.160670583 14.0442438622 0 90 3
P 9.79278169929 7.00730266254 0 90 3
P 19.5463581799 15.3890809048 0 84 3
P 9.97231514094 9.94175043938 0 84 3
P 3.9065034787 17.8663019242 0 18 1
P 15.832983469 24.6520952961 0 18 1
P 15.6600142637 19.4805583228 0 4 1
P 8.44057067923 15.3729211604 0 4 1
P 12.8994319955 9.27162613033 0 25 5
P 18.6270016807 12.5304337952 0 25 5
P 22.5491067922 11.869655013 0 47 1
P 11.4637146248 5.56241425505 0 47 1
P 9.11118767744 20.4626866591 0 14 1
P 10.9419997049 21.5043613302 0 14 1
