P 14 14 0 20 4
P 13.6531532296 9.86572965682 1 100 5
P 18.0746427832 13.2191157949 2 100 5
P 11.0036850622 17.9506858594 0 89 5
P 7.96449871216 21.9578983141 0 35 4
P 9.28644388324 20.2148939228 0 46 1
P 8.68073224329 21.0135337389 0 44 3
P 7.31487071453 22.8144425017 0 32 3
P 8.48573379415 5.34924494213 0 10 3
P 23.8172955408 16.9771468094 0 10 3
P 24.2126542747 19.0225452574 0 6 1
P 6.40949493521 5.5201119666 0 6 1
P 20.7819102138 18.6318913776 0 78 5
P 7.71083911611 8.71841129411 0 78 5
P 9.31635623073 9.63379514319 0 41 4
P 19.4674813376 17.332703352 0 41 4
