P 14 14 0 10 3
P 23.8451838104 10.2027622638 1 100 5
P 4.15481618957 17.7972377362 2 100 5
P 6.3316686792 9.81245992748 0 97 5
P 21.6683313208 18.1875400725 0 97 5
P 9.59627356045 4.96164055189 0 55 2
P 18.4037264396 23.0383594481 0 55 2
P 22.4370648543 16.9034032053 0 43 3
P 5.56293514566 11.0965967947 0 43 3
P 9.09219298584 8.5493119199 0 77 3
P 18.9078070142 19.4506880801 0 77 3
P 20.3114362612 24.1951331797 0 61 2
P 7.68856373875 3.80486682025 0 61 2
P 14.4942381318 7.65555023135 0 74 1
P 13.5057618682 20.3444497686 0 74 1
P 25.1564995516 15.7342143201 0 19 3
P 2.84350044844 12.2657856799 0 19 3
P 9.16959016401 17.7052275565 0 85 5
P 18.830409836 10.2947724435 0 85 5
P 17.5909546422 25.1249975815 0 75 5
P 10.4090453578 2.87500241855 0 75 5
P 20.1948960699 19.6643354073 0 47 1
P 7.80510393012 8.33566459266 0 47 1
P 12.3146218515 9.84677883188 0 10 5
P 15.6853781485 18.1532211681 0 10 5
