P 14 14 0 50 0
P 10.609499608 4.58140852612 1 100 5
P 17.390500392 23.4185914739 2 100 5
P 6.20718361846 16.8052545935 0 66 3
P 21.7928163815 11.1947454065 0 66 3
P 23.1481736576 18.9665995504 0 50 3
P 4.85182634243 9.03340044957 0 50 3
P 10.1602456847 23.4832834543 0 8 5
P 17.8397543153 4.51671654571 0 8 5
P 4.68377387257 13.9103513843 0 91 1
P 23.3162261274 14.0896486157 0 91 1
P 20.3469840041 23.1999043711 0 62 1
P 7.65301599586 4.80009562888 0 62 1
P 19.8804101203 21.8429872854 0 26 3
P 8.11958987968 6.15701271462 0 26 3
P 15.536379896 19.8673459228 0 15 4
P 12.463620104 8.13265407721 0 15 4
