P 14 14 0 29 5
P 12.3100140523 2.66923357219 1 100 5
P 19.6823112082 4.05245459027 2 100 5
P 14.8286463741 9.5834770967 0 16 5
P 15.9000669443 3.87301526946 0 85 4
P 15.4117816906 6.47548005262 0 15 2
P 15.6250676955 5.33870741362 0 9 3
P 16.8445467709 7.26248185068 0 22 3
P 13.7911825576 6.68959697281 0 22 3
P 20.0660543534 18.5038502749 0 51 3
P 6.71391640196 15.9986666855 0 51 3
P 11.0197169555 4.46962701586 0 72 1
P 20.2322328171 6.19811751207 0 72 1
P 13.4644192903 23.867552046 0 40 1
P 10.9222886719 23.390586939 0 40 1
P 15.1493368693 18.3622851477 0 50 2
P 11.3475564139 17.6489793055 0 50 2
P 5.91776576279 5.60508599339 0 81 4
P 24.5756029717 9.10574691817 0 81 4
P 20.6063438372 4.96690153462 0 29 4
P 11.1173504381 3.18653717427 0 29 4
