P 14 14 0 91 4
P 9.27365291872 14.0764541227 1 100 5
P 13.7260365238 18.7190195994 2 100 5
P 24.6685341127 9.35472945413 0 23 1
P 19.0871882647 3.53497854196 0 23 1
P 24.8348744093 13.5982436753 0 30 1
P 14.8543369899 3.19139139772 0 30 1
P 25.0463558398 16.55411129 0 28 4
P 11.909893788 2.85653026008 0 28 4
P 7.37341082597 10.0949230934 0 92 3
P 17.6246510623 20.7840411558 0 92 3
P 12.6398381945 16.9781089499 0 52 5
P 10.9676352706 15.2344785144 0 52 5
P 21.8118178953 14.718694805 0 2 4
P 13.6084920067 6.16496697244 0 2 4
