P 14 14 0 25 1
P 7.53120413379 18.6465388101 1 100 5
P 20.4687958662 9.35346118988 2 100 5
P 7.48945555766 4.93618181264 0 3 3
P 20.5105444423 23.0638181874 0 3 3
P 6.93599678831 20.4214892857 0 32 5
P 21.0640032117 7.57851071427 0 32 5
P 21.6054545193 16.3407071333 0 92 1
P 6.39454548067 11.6592928667 0 92 1
P 24.5250232385 11.4170252078 0 49 2
P 3.47497676154 16.5829747922 0 49 2
P 18.904852943 9.55146142203 0 56 3
P 9.095147057 18.448538578 0 56 3
P 20.8971876815 18.803678315 0 56 2
P 7.10281231847 9.19632168498 0 56 2
