P 14 14 0 4 0
P 11.6336133569 25.1208789305 1 100 5
P 17.8539165322 24.6967780801 2 100 5
P 4.50920268034 12.8998116991 0 8 4
P 23.2536414435 11.6218141166 0 8 4
P 3.83852353783 19.7582939183 0 94 3
P 24.8490107173 18.3257969436 0 94 3
P 8.45399701843 4.47278385186 0 19 2
P 18.201558228 3.8081942198 0 19 2
P 7.64498940851 11.5923422448 0 12 4
P 19.9694115452 10.7520619945 0 12 4
P 9.67106708202 24.4434231078 0 69 4
P 19.706350772 23.7592165302 0 69 4
P 8.01079388281 23.8928601388 0 82 3
P 21.2765322524 22.98840086 0 82 3
P 8.21165539792 9.22358897901 0 60 2
P 19.0864804075 8.48214239597 0 60 2
P 8.29925222013 16.8071430767 0 65 3
P 20.0290042862 16.0074074873 0 65 3
P 4.62365345333 10.7609579389 0 75 3
P 22.8499447942 9.51828769597 0 75 3
P 17.0603014807 3.72368579109 0 58 3
P 9.57322227333 4.23415554949 0 58 3
P 15.4661889617 3.93268457539 0 78 3
P 11.1809500704 4.22485256253 0 78 3
P 16.5750437362 6.72743321436 0 97 5
P 10.4616857987 7.1442425285 0 97 5
