P 14 14 0 94 2
P 5.06623966462 18.4187851806 1 100 5
P 7.02791434677 6.87765783982 2 100 5
P 22.8318514466 15.5011721877 0 91 1
P 21.0195097275 15.1931238697 0 59 2
P 19.7877057926 14.9837510311 0 53 3
P 18.9966506456 18.9147950952 0 56 3
P 20.3398908189 11.0121056068 0 56 3
P 5.25572591871 13.6767265469 0 24 5
P 5.63998495422 11.4160140541 0 24 5
P 15.9586658418 18.8543055704 0 5 5
P 17.452530061 10.0654491198 0 5 5
P 10.0324351876 22.8590164901 0 55 1
P 13.1822646792 4.32761391087 0 55 1
P 10.0598621232 2.76038464577 0 22 3
P 6.5675712622 23.3065913662 0 22 3
P 2.51796155132 15.6893568814 0 93 2
P 3.72094258473 8.611854469 0 93 2
P 20.9765577777 9.52082776218 0 90 5
P 19.1048454986 20.5326789909 0 90 5
P 5.05571541869 6.25468728364 0 99 3
P 2.99896795095 18.3551566678 0 99 3
P 5.55627139184 21.7477978135 0 87 5
P 8.59033092083 3.8975050497 0 87 5
P 20.5327789731 23.8942915377 0 9 1
P 23.4349756056 6.81978820187 0 9 1
P 22.4324957486 5.60423168864 0 47 1
P 19.1849778455 24.7103648317 0 47 1
