P 14 14 0 58 1
P 7.97742171683 6.16318077056 1 100 5
P 20.0225782832 21.8368192294 2 100 5
P 4.68830262675 21.1560188819 0 12 5
P 23.3116973732 6.84398111814 0 12 5
P 6.6613738668 7.54880906523 0 112 5
P 21.3386261332 20.4511909348 0 112 5
P 19.0676157355 3.71162655047 0 19 2
P 8.9323842645 24.2883734495 0 19 2
P 8.20654507404 12.4859174604 0 51 5
P 19.793454926 15.5140825396 0 51 5
P 10.8027463822 7.88093780961 0 69 3
P 17.1972536178 20.1190621904 0 69 3
P 19.3711163535 8.27411785385 0 11 5
P 8.62888364653 19.7258821462 0 11 5
P 15.3675254049 24.7336540702 0 83 2
P 12.6324745951 3.26634592983 0 83 2
P 4.36259593417 17.4986652213 0 31 4
P 23.6374040658 10.5013347787 0 31 4
P 14.5942162103 17.5465772359 0 99 3
P 13.4057837897 10.4534227641 0 99 3
