P 14 14 0 69 3
P 10.3253256193 16.7594674509 1 100 5
P 17.6746743807 11.2405325491 2 100 5
P 8.01874386254 16.8542324446 0 4 5
P 19.9812561375 11.1457675554 0 4 5
P 19.4620622281 8.8571967216 0 66 4
P 8.53793777192 19.1428032784 0 66 4
P 22.4196714496 9.30975607671 0 3 4
P 5.5803285504 18.6902439233 0 3 4
P 19.3392919053 3.94214455105 0 33 4
P 8.66070809467 24.057855449 0 33 4
P 13.7528093742 22.7154415756 0 42 4
P 14.2471906258 5.28455842436 0 42 4
P 23.1973612094 15.6983888743 0 35 1
P 4.8026387906 12.3016111257 0 35 1
P 10.5762664305 23.0744359058 0 17 5
P 17.4237335695 4.92556409421 0 17 5
