P 14 14 0 58 1
P 22.2986456495 9.24269850084 1 100 5
P 20.9785825216 20.5420809501 2 100 5
P 4.27240436147 8.32951630954 0 17 3
P 3.22727842386 17.2755109576 0 17 3
P 7.49770984789 23.8422129075 0 29 2
P 9.94150241749 2.92401112718 0 29 2
P 14.8553787409 2.75421896642 0 35 3
P 12.2401215017 25.1401118269 0 35 3
P 19.8315352617 17.8817651252 0 92 3
P 20.5692680209 11.5669727365 0 92 3
P 10.3337549912 19.3994457821 0 73 2
P 11.6770897612 7.90086438577 0 73 2
P 19.2451672193 14.0617529222 0 22 3
P 19.1181537518 15.1489537653 0 22 3
P 16.5224949683 24.1554290965 0 38 5
P 18.7954560189 4.69949880001 0 38 5
P 11.2703875194 2.770009895 0 3 4
P 8.75531095818 24.2983833152 0 3 4
P 19.8301820724 20.848600579 0 87 2
P 21.2518253343 8.67971972466 0 87 2
P 9.68254708628 6.18715095892 0 9 2
P 7.99790203214 20.6072558438 0 9 2
