P 14 14 0 87 4
P 12.7976753776 3.22221076899 1 100 5
P 15.2023246224 24.777789231 2 100 5
P 9.18050203449 17.8883792318 0 33 2
P 18.8194979655 10.1116207682 0 33 2
P 16.6790873013 8.9906209864 0 62 1
P 11.3209126987 19.0093790136 0 62 1
P 5.03175046164 13.1139210155 0 53 3
P 22.9682495384 14.8860789845 0 53 3
P 21.8275834888 19.0538879665 0 10 5
P 6.17241651121 8.94611203345 0 10 5
P 23.5183961648 11.9798951644 0 100 3
P 4.48160383521 16.0201048356 0 100 3
P 5.67316477912 15.3954319411 0 90 4
P 22.3268352209 12.6045680589 0 90 4
P 10.8002414243 14.9412892308 0 89 4
P 17.1997585757 13.0587107692 0 89 4
P 9.39110706772 10.2132345565 0 10 3
P 18.6088929323 17.7867654435 0 10 3
P 25.389110521 10.9384937613 0 13 3
P 2.61088947898 17.0615062387 0 13 3
