P 14 14 0 53 5
P 2.87323120497 17.3916464661 1 100 5
P 20.1708161977 23.8604907091 2 100 5
P 17.5620014892 4.475265567 0 69 5
P 14.9074632542 11.5734579195 0 23 3
P 15.9544168402 8.77392094546 0 21 1
P 13.4645748297 18.6367833405 0 38 2
P 11.3614845505 17.8502825977 0 38 2
P 4.97264187214 18.215807484 0 53 3
P 18.0457907695 23.1048231482 0 53 3
P 8.41981066394 9.5380693767 0 37 1
P 21.1386662248 14.2945886022 0 37 1
P 18.139645093 11.2166792124 0 82 2
P 12.702546435 9.18334656121 0 82 2
P 10.2630172289 6.44652062144 0 43 3
P 21.776373231 10.7522145506 0 43 3
P 14.3298468303 21.361150339 0 50 4
P 8.92087708996 19.3383371671 0 50 4
P 22.8848041479 19.4533578578 0 100 4
P 3.71709668142 12.2851367363 0 100 4
P 10.9796002713 9.17935975755 0 100 4
P 19.4424082671 12.3442285416 0 100 4
P 19.5470299045 3.39323093984 0 19 5
P 16.7740916118 2.35622456474 0 19 5
P 22.2410663044 7.12346710442 0 23 4
P 12.2934575502 3.40332168251 0 23 4
