P 14 14 0 67 2
P 12.8204514663 25.0132930672 1 100 5
P 15.1795485337 2.98670693277 2 100 5
P 4.33841202268 12.9652221309 0 21 3
P 23.6615879773 15.0347778691 0 21 3
P 18.7378726589 4.90975895324 0 81 1
P 9.26212734106 23.0902410468 0 81 1
P 24.9822491302 13.9155997491 0 39 3
P 3.01775086976 14.0844002509 0 39 3
P 12.6213467123 4.12503723469 0 82 1
P 15.3786532877 23.8749627653 0 82 1
P 3.05584899817 10.3341277359 0 84 3
P 24.9441510018 17.6658722641 0 84 3
P 15.1345510794 10.1156248021 0 80 2
P 12.8654489206 17.8843751979 0 80 2
P 6.50391058569 19.0502885531 0 29 5
P 21.4960894143 8.9497114469 0 29 5
P 22.4113885496 16.3916453437 0 1 2
P 5.58861145042 11.6083546563 0 1 2
P 8.18424358865 11.2321207036 0 4 2
P 19.8157564114 16.7678792964 0 4 2
P 24.6250862073 10.6242756807 0 73 5
P 3.37491379272 17.3757243193 0 73 5
