P 14 14 0 22 3
P 10.9354147815 21.5523315478 1 100 5
P 17.0645852185 6.44766845216 2 100 5
P 4.96993420437 10.3357797544 0 49 2
P 23.0300657956 17.6642202456 0 49 2
P 8.28767634991 11.6820532162 0 84 4
P 19.7123236501 16.3179467838 0 84 4
P 17.4370615213 24.7227095011 0 9 3
P 10.5629384787 3.27729049886 0 9 3
P 21.5611752497 5.41387254029 0 78 1
P 6.43882475026 22.5861274597 0 78 1
P 17.0356738167 4.22264955238 0 28 2
P 10.9643261833 23.7773504476 0 28 2
P 19.6812948405 22.1534843146 0 94 1
P 8.31870515946 5.84651568542 0 94 1
P 22.7165401624 13.1126914726 0 22 2
P 5.28345983756 14.8873085274 0 22 2
P 21.5059649479 9.2302116047 0 97 2
P 6.49403505214 18.7697883953 0 97 2
P 6.36255293221 5.23288597326 0 17 5
P 21.6374470678 22.7671140267 0 17 5
P 9.81379797307 12.3695580132 0 84 3
P 18.1862020269 15.6304419868 0 84 3
P 25.0904610135 18.3199231709 0 96 5
P 2.90953898651 9.68007682912 0 96 5
