P 14 14 0 1 5
P 8.4531977969 20.3468580646 1 100 5
P 5.70337936084 12.5114745746 2 100 5
P 6.87323421866 8.97651790529 0 28 1
P 11.5755769927 22.375460342 0 28 1
P 6.5393694969 4.84181021674 0 22 4
P 13.8988304885 25.8119944268 0 22 4
P 19.9382180683 4.31545353418 0 84 1
P 24.6880078731 17.8495924174 0 84 1
P 10.8333783865 7.96570591898 0 46 4
P 15.2988759335 20.6897771868 0 46 4
P 21.0207875456 19.1122722158 0 68 1
P 16.286200231 5.62145158919 0 68 1
P 8.58159730961 5.67157311501 0 26 1
P 14.9746190397 23.8879674262 0 26 1
P 15.4179428655 16.9713829359 0 16 3
P 13.2500615125 10.794181729 0 16 3
P 23.2587945565 8.94398686078 0 56 4
P 24.3878214051 12.1610568366 0 56 4
P 8.94205440404 14.9851996114 0 52 3
P 9.4356729525 16.3917254294 0 52 3
P 12.5455112791 19.5974297468 0 38 2
P 9.36651448468 10.539137508 0 38 2
P 22.0881340707 6.69798155319 0 35 3
P 24.8774998501 14.6460519745 0 35 3
P 20.2012766357 16.2929880597 0 63 2
P 17.4082730501 8.33455200622 0 63 2
