P 14 14 0 4 2
P 18.6958710858 16.7023976789 1 100 5
P 9.30412891416 11.2976023211 2 100 5
P 19.2428793436 18.4832069613 0 37 2
P 8.75712065645 9.51679303871 0 37 2
P 22.6222745693 17.5753497528 0 12 1
P 5.37772543066 10.4246502472 0 12 1
P 2.34904759578 12.2079199822 0 26 5
P 25.6509524042 15.7920800178 0 26 5
P 4.53710742516 11.2339073163 0 78 3
P 23.4628925748 16.7660926837 0 78 3
P 17.9712558708 10.6105114643 0 79 4
P 10.0287441292 17.3894885357 0 79 4
P 20.9542754819 16.865090987 0 94 2
P 7.04572451813 11.134909013 0 94 2
P 10.4934656993 12.5168887683 0 90 3
P 17.5065343007 15.4831112317 0 90 3
P 21.5892608888 6.10981622291 0 44 5
P 6.41073911118 21.8901837771 0 44 5
P 25.1272546912 12.2325957409 0 42 5
P 2.87274530883 15.7674042591 0 42 5
