P 14 14 0 70 3
P 17.8244462617 14.1590735893 1 100 5
P 15.3234348947 10.4083132521 2 100 5
P 5.53650043447 19.6434713805 0 41 2
P 4.3160296439 10.5144764262 0 2 2
P 13.4947166607 24.2797298208 0 2 2
P 14.8606627583 6.46718887021 0 65 3
P 21.2847797075 16.1014205943 0 65 3
P 6.85781629956 11.756090558 0 59 5
P 13.3256957177 21.4559527446 0 59 5
P 18.7864745553 13.1377651071 0 60 4
P 16.636099827 9.91285363841 0 60 4
P 9.79073578951 10.1763195828 0 4 3
P 15.9116007572 19.3557650874 0 4 3
P 12.1721407569 8.98300944916 0 77 4
P 17.9287188746 17.6161348985 0 77 4
P 11.8180012852 12.542355076 0 54 4
P 14.5067675805 16.574690998 0 54 4
P 20.5464217444 20.7347742116 0 61 5
P 10.2995322716 5.36754033151 0 61 5
P 2.58895443141 14.6725388758 0 19 4
P 8.99224461269 24.2755367494 0 19 4
P 18.7278667478 16.5308474979 0 49 4
P 13.4812494175 8.66250893436 0 49 4
P 10.6130102898 21.676959893 0 15 4
P 5.61091963892 14.1753373639 0 15 4
P 24.6984053221 13.7441737116 0 60 1
P 18.3490978759 4.22213360735 0 60 1
P 20.0615589241 12.2600537763 0 31 3
P 17.9365556285 9.07319178008 0 31 3
