P 14 14 0 70 5
P 18.1567611517 11.8531883216 1 100 5
P 13.9975078132 9.3215966993 2 100 5
P 11.8822264564 17.4793750318 0 94 1
P 13.2661861653 15.2056121591 0 39 4
P 9.95757707861 8.67257965399 0 7 2
P 20.5889968508 15.1435519747 0 7 2
P 17.1925943016 15.2703499638 0 46 3
P 11.4050862036 11.7476967801 0 46 3
P 5.73591417488 8.94708335968 0 45 4
P 22.2843890839 19.0195596028 0 45 4
P 9.55549242638 17.6910954779 0 79 2
P 12.76295034 19.6433626091 0 79 2
P 22.1820006091 9.41191189754 0 90 1
P 14.3169900005 4.62475580354 0 90 1
P 8.40747726094 21.6040993576 0 61 2
P 9.81454500806 22.4605321427 0 61 2
P 11.5978186092 13.8276460557 0 86 3
P 15.2565367416 16.0545794542 0 86 3
P 12.3272634485 22.6075724647 0 69 1
P 7.12265026458 19.4397069702 0 69 1
P 8.33454279622 6.85483959321 0 28 5
P 22.949155113 15.7502415063 0 28 5
P 5.05667194376 10.9145917016 0 22 4
P 20.8487494775 20.5266753929 0 22 4
P 5.23453276336 14.1592089608 0 85 2
P 17.8850007143 21.8591050902 0 85 2
P 6.59497073692 13.0418257301 0 37 3
P 18.2526048307 20.1374187142 0 37 3
