P 14 14 0 40 0
P 23.1612862856 12.1436155543 1 100 5
P 4.7386288682 12.7341665289 2 100 5
P 13.7018072238 4.69766438966 0 26 3
P 13.623733914 2.262111996 0 8 3
P 13.7663845013 6.71219846571 0 24 2
P 13.8716612675 9.99638201574 0 7 1
P 4.35316184919 15.7970996671 0 53 5
P 23.7421292197 15.1755729612 0 53 5
P 12.3730723822 18.32233544 0 15 4
P 15.9004139176 18.2092640771 0 15 4
P 7.92275790307 8.85809266664 0 74 1
P 19.7354489996 8.47942871593 0 74 1
P 9.36592357618 5.64648446379 0 23 4
P 18.0895569141 5.36684238754 0 23 4
P 23.2314583238 18.3569722297 0 22 1
P 5.06653884405 18.9392612372 0 22 1
P 9.71371652162 23.4075783024 0 78 3
P 18.8799973155 23.113746857 0 78 3
P 12.3712009551 7.09103086973 0 28 3
P 15.1829662372 7.00089779663 0 28 3
P 19.0763160907 20.8433075086 0 82 5
P 9.3723892191 21.1543735694 0 82 5
P 22.506719899 14.5793856598 0 69 1
P 5.54785169046 15.123013863 0 69 1
P 11.6235984506 10.1223782621 0 93 3
P 16.1231782568 9.97814113167 0 93 3
