P 14 14 0 39 5
P 4.22550695285 11.1286307803 1 100 5
P 23.7744930472 16.8713692197 2 100 5
P 10.7121701502 25.1921761183 0 39 3
P 17.2878298498 2.80782388166 0 39 3
P 12.5383203359 18.9757368769 0 71 5
P 15.4616796641 9.0242631231 0 71 5
P 18.3185293647 12.4545762587 0 6 5
P 9.68147063532 15.5454237413 0 6 5
P 6.01698302893 10.9034053513 0 16 5
P 21.9830169711 17.0965946487 0 16 5
P 15.470974016 24.9265032653 0 95 5
P 12.529025984 3.07349673471 0 95 5
P 21.7838453708 6.92343810832 0 85 5
P 6.21615462923 21.0765618917 0 85 5
P 19.7579714839 24.2487692967 0 84 1
P 8.24202851613 3.75123070331 0 84 1
P 8.65369978542 9.36418382731 0 78 2
P 19.3463002146 18.6358161727 0 78 2
P 15.149164317 6.8122536192 0 96 1
P 12.850835683 21.1877463808 0 96 1
P 18.5785772767 22.2180045518 0 14 5
P 9.4214227233 5.78199544824 0 14 5
P 2.32063861667 11.5398315634 0 92 2
P 25.6793613833 16.4601684366 0 92 2
