P 14 14 0 97 3
P 8.55702600854 15.2529200907 1 100 5
P 13.5915160612 19.5703604459 2 100 5
P 21.2585428308 5.53594290317 0 46 4
P 17.8818249291 9.47347331193 0 57 4
P 18.6188451282 8.61404722714 0 4 3
P 21.1580813625 6.85953260152 0 34 2
P 19.9657401987 5.83701357695 0 34 2
P 23.2343052016 19.3869360666 0 91 4
P 7.26824667118 5.69488291097 0 91 4
P 10.1218385659 23.8521749791 0 28 3
P 4.85422019531 19.3348101833 0 28 3
P 14.6919070264 23.7793363289 0 70 5
P 4.22949269555 14.8070572357 0 70 5
P 7.61589552781 16.0290298945 0 7 1
P 12.9679552132 20.6188092421 0 7 1
P 8.69654306286 22.496585879 0 16 4
P 6.41125243875 20.5367834242 0 16 4
P 14.9592117268 6.14896101599 0 39 5
P 21.6130341081 11.8550962878 0 39 5
P 17.6537258449 6.47427158998 0 57 5
P 20.8807428409 9.24167270902 0 57 5
P 17.8158728221 23.950835923 0 62 4
P 3.58374385879 11.7457531274 0 62 4
