P 14 14 0 33 5
P 11.5828279056 20.4927820902 1 100 5
P 16.4171720944 7.50721790984 2 100 5
P 5.44657312845 10.8156786323 0 93 5
P 22.5534268715 17.1843213677 0 93 5
P 6.08328538866 13.2704944514 0 52 1
P 21.9167146113 14.7295055486 0 52 1
P 20.4723219197 16.8107819524 0 1 4
P 7.52767808033 11.1892180476 0 1 4
P 16.5861682977 16.3279962282 0 68 4
P 11.4138317023 11.6720037718 0 68 4
P 8.07116020217 17.5017893535 0 38 1
P 19.9288397978 10.4982106465 0 38 1
P 13.4056271045 25.4353197642 0 23 1
P 14.5943728955 2.56468023578 0 23 1
P 21.8599595852 10.9633890225 0 60 3
P 6.14004041476 17.0366109775 0 60 3
P 19.5468567221 21.4728764634 0 97 1
P 8.45314327786 6.52712353663 0 97 1
