P 14 14 0 98 0
P 9.97633688542 17.5710046071 1 100 5
P 14.335335269 19.3693099203 2 100 5
P 9.65601201238 24.5296005504 0 64 4
P 13.4525244235 15.3270522728 0 27 5
P 12.478433009 17.688199109 0 63 4
P 11.0182043353 21.2277173329 0 41 2
P 11.2075795135 3.69127999287 0 19 4
P 23.2487666805 8.65887322298 0 19 4
P 9.11847877187 12.4606515787 0 39 2
P 18.5469369966 16.3503631659 0 39 2
P 21.8320298493 13.8740469944 0 69 2
P 8.53501419551 8.3883615693 0 69 2
P 12.0970627427 21.5735346383 0 60 1
P 10.0093377708 20.7122434472 0 60 1
