P 14 14 0 78 1
P 9.64913447782 3.10280020827 1 100 5
P 18.3508655222 24.8971997917 2 100 5
P 5.76339441849 17.2885845841 0 77 4
P 22.2366055815 10.7114154159 0 77 4
P 3.85957326511 18.0487128716 0 71 5
P 24.1404267349 9.95128712841 0 71 5
P 12.1697273958 25.0547621184 0 106 3
P 15.8302726042 2.94523788158 0 106 3
P 5.24512557587 20.655755518 0 40 3
P 22.7548744241 7.34424448205 0 40 3
P 23.6310145595 16.1189150336 0 20 5
P 4.36898544049 11.8810849664 0 20 5
P 16.1378567034 20.0332123736 0 94 3
P 11.8621432966 7.96678762636 0 94 3
P 15.9509268596 23.2834026152 0 1 3
P 12.0490731404 4.71659738476 0 1 3
