P 14 14 0 8 2
P 11.7502468606 24.2190993224 1 100 5
P 16.2497531394 3.78090067757 2 100 5
P 5.12494214686 12.0461400132 0 16 3
P 22.8750578531 15.9538599868 0 16 3
P 3.08992806433 11.598127994 0 86 4
P 24.9100719357 16.401872006 0 86 4
P 14.6291508546 22.5839224546 0 111 3
P 13.3708491454 5.41607754544 0 111 3
P 23.1690269023 13.6971859375 0 76 3
P 4.8309730977 14.3028140625 0 76 3
P 13.7023000398 20.7401790288 0 89 3
P 14.2976999602 7.2598209712 0 89 3
P 10.3993581777 3.55574169898 0 90 3
P 17.6006418223 24.444258301 0 90 3
P 13.9328313029 9.57176739198 0 94 2
P 14.0671686971 18.428232608 0 94 2
P 2.93711907747 14.9866110089 0 54 5
P 25.0628809225 13.0133889911 0 54 5
P 18.201302607 22.5748762644 0 79 4
P 9.79869739299 5.42512373557 0 79 4
P 24.2119000716 13.637409295 0 72 5
P 3.78809992841 14.362590705 0 72 5
