P 14 14 0 37 2
P 5.50568938027 11.4387758258 1 100 5
P 22.4943106197 16.5612241742 2 100 5
P 12.1589950403 20.1057006014 0 29 3
P 15.8410049597 7.89429939864 0 29 3
P 11.4988017307 22.2952344568 0 11 2
P 16.5011982693 5.70476554324 0 11 2
P 14.3245434866 24.0485507619 0 61 2
P 13.6754565134 3.95144923813 0 61 2
P 14.6940820768 10.6867709064 0 85 1
P 13.3059179232 17.3132290936 0 85 1
P 9.63902843902 24.7281319341 0 33 5
P 18.360971561 3.27186806587 0 33 5
P 12.2497905377 7.0596985621 0 42 2
P 15.7502094623 20.9403014379 0 42 2
P 2.76262608509 14.7811439642 0 28 2
P 25.2373739149 13.2188560358 0 28 2
P 15.3460775668 2.13457581778 0 92 3
P 12.6539224332 25.8654241822 0 92 3
P 5.96731484788 13.4946495531 0 86 4
P 22.0326851521 14.5053504469 0 86 4
P 21.6659351763 22.2312081361 0 1 5
P 6.33406482368 5.76879186392 0 1 5
