P 14 14 0 85 5
P 19.3997569805 7.4891899854 1 100 5
P 8.90835117776 7.24551002919 2 100 5
P 13.971822054 15.2131743236 0 19 2
P 13.9231324457 17.3094585134 0 79 2
P 13.837799168 20.9834005901 0 1 1
P 13.8830858319 19.0336268948 0 64 2
P 20.7553214038 20.2854777993 0 13 5
P 6.9601398865 19.965062281 0 13 5
P 17.2804712896 5.93281456736 0 85 3
P 11.0976112098 5.7892075902 0 85 3
P 18.1784461261 19.9903485029 0 17 1
P 9.54793866116 19.7898909359 0 17 1
P 10.8018244798 3.29672195655 0 42 4
P 17.6916606849 3.45674960359 0 42 4
P 8.20931464808 24.247404035 0 45 3
P 19.3086722763 24.5052046607 0 45 3
P 11.0536215097 7.00250235813 0 65 5
P 17.2680824548 7.14684331677 0 65 5
P 5.34700689109 14.4365851185 0 23 2
P 22.6233921129 14.8378572524 0 23 2
