P 14 14 0 5 2
P 23.4660447845 11.3600746388 1 100 5
P 4.53395521552 16.6399253612 2 100 5
P 5.63188378375 20.3203025463 0 83 5
P 22.3681162163 7.67969745367 0 83 5
P 12.3135115448 22.8848666223 0 33 4
P 15.6864884552 5.11513337774 0 33 4
P 24.3614677068 17.2176777797 0 9 3
P 3.63853229315 10.7823222203 0 9 3
P 13.3802666966 19.6258193638 0 91 5
P 14.6197333034 8.3741806362 0 91 5
P 23.9814969649 14.5235748634 0 88 4
P 4.01850303508 13.4764251366 0 88 4
P 5.01135217014 10.9033413521 0 50 2
P 22.9886478299 17.0966586479 0 50 2
P 16.8663800874 13.5292710795 0 17 5
P 11.1336199126 14.4707289205 0 17 5
P 8.38490618463 3.92932962006 0 46 2
P 19.6150938154 24.0706703799 0 46 2
