P 14 14 0 45 3
P 22.0863872161 11.6511247188 1 100 5
P 7.65849053029 19.5400479186 2 100 5
P 18.7023516105 22.6000384968 0 21 2
P 15.9173707278 17.506641663 0 64 4
P 18.0020384201 21.3192494584 0 21 5
P 17.3837028459 20.1883876721 0 30 3
P 4.28591075765 9.86839855831 0 76 4
P 15.7642270645 3.59225465597 0 76 4
P 9.25810721425 7.3935188104 0 66 2
P 10.9973045685 6.44255591845 0 66 2
P 16.2375680281 20.3065273068 0 68 3
P 18.1017070983 19.2872484556 0 68 3
P 20.9693712042 7.48983098605 0 52 5
P 4.75805228584 16.3538984728 0 52 5
