P 14 14 0 58 1
P 17.2035792934 23.2783878279 1 100 5
P 10.7964207066 4.7216121721 2 100 5
P 3.52290788137 17.617459842 0 29 5
P 24.4770921186 10.382540158 0 29 5
P 7.33202128733 16.3022748056 0 50 4
P 20.6679787127 11.6977251944 0 50 4
P 7.69924911035 19.6969101688 0 41 2
P 20.3007508896 8.30308983123 0 41 2
P 6.33820443821 8.60346677289 0 15 3
P 21.6617955618 19.3965332271 0 15 3
P 12.3304769352 24.8497626567 0 53 3
P 15.6695230648 3.15023734334 0 53 3
P 18.0502986376 4.92459923295 0 36 5
P 9.9497013624 23.075400767 0 36 5
P 6.42680578564 7.45886974458 0 56 1
P 21.5731942144 20.5411302554 0 56 1
P 8.96538941826 19.5190941786 0 86 4
P 19.0346105817 8.48090582138 0 86 4
