P 14 14 0 35 0
P 7.77562425782 18.5649715787 1 100 5
P 20.2243757422 9.43502842135 2 100 5
P 25.5292592323 16.2956109149 0 72 2
P 2.47074076774 11.7043890851 0 72 2
P 18.2174754736 22.9845274957 0 20 3
P 9.78252452641 5.0154725043 0 20 3
P 6.54598672452 10.4094652469 0 6 5
P 21.4540132755 17.5905347531 0 6 5
P 20.7941809535 20.7467376279 0 29 1
P 7.20581904654 7.25326237211 0 29 1
P 3.63355998152 9.53181391447 0 49 5
P 24.3664400185 18.4681860855 0 49 5
P 22.5039058298 10.4203469648 0 30 4
P 5.4960941702 17.5796530352 0 30 4
P 24.5759037638 8.4822161812 0 47 2
P 3.42409623622 19.5177838188 0 47 2
P 15.5674088181 24.7299873649 0 22 2
P 12.4325911819 3.27001263505 0 22 2
P 19.5428401519 13.3232573857 0 86 5
P 8.45715984806 14.6767426143 0 86 5
P 8.16492785263 23.2801955674 0 63 3
P 19.8350721474 4.7198044326 0 63 3
P 16.8822184143 8.4797747111 0 97 1
P 11.1177815857 19.5202252889 0 97 1
