P 14 14 0 36 0
P 12.1438252133 24.2821903306 1 100 5
P 23.2147828024 18.9250990589 2 100 5
P 12.3957929858 10.6847479505 0 28 4
P 7.83204949497 14.3898052198 0 45 4
P 18.1332123006 9.40520755418 0 45 4
P 22.4414900211 21.4432349835 0 100 4
P 14.5983270405 25.2384387505 0 100 4
P 12.8368918065 22.7546641825 0 9 5
P 21.5868665207 18.5206661031 0 9 5
P 5.43635844679 15.6403196274 0 74 3
P 20.6004747479 8.30260250336 0 74 3
P 13.8120914811 8.46792861384 0 27 5
P 9.7785537032 10.4197046775 0 27 5
P 23.5420559082 13.6635664562 0 66 3
P 7.81482823926 21.2737657905 0 66 3
P 9.93842972039 17.3599032284 0 71 2
P 19.1551366466 12.900059549 0 71 2
P 19.5844256844 6.59890663339 0 74 3
P 4.73089318869 13.7863363247 0 74 3
P 20.5201031529 15.8052408369 0 26 5
P 11.3695352794 20.2330806955 0 26 5
P 16.1334338209 8.65070813642 0 89 2
P 8.48136667286 12.3534431347 0 89 2
P 16.3813041417 24.4711639879 0 67 1
P 20.733388457 22.3652474299 0 67 1
P 7.95225223319 11.4624080452 0 43 1
P 15.7630594279 7.68286081888 0 43 1
