P 14 14 0 33 5
P 20.203473557 18.8817891079 1 100 5
P 7.79652644297 9.11821089209 2 100 5
P 10.566346092 18.3632735359 0 4 1
P 17.433653908 9.63672646414 0 4 1
P 9.21157422568 20.0848332474 0 80 4
P 18.7884257743 7.91516675256 0 80 4
P 7.79029212394 20.2518621675 0 46 1
P 20.2097078761 7.74813783255 0 46 1
P 10.9459405075 2.91655015748 0 69 4
P 17.0540594925 25.0834498425 0 69 4
P 17.2552378662 12.7041009092 0 77 2
P 10.7447621338 15.2958990908 0 77 2
P 12.2896947217 23.7510485813 0 87 1
P 15.7103052783 4.24895141869 0 87 1
P 21.7479024106 14.1225822994 0 32 2
P 6.2520975894 13.8774177006 0 32 2
P 2.49382622686 16.7622862265 0 37 4
P 25.5061737731 11.2377137735 0 37 4
P 19.716492039 23.6511976076 0 41 5
P 8.283507961 4.34880239239 0 41 5
P 5.75790481182 8.83140180978 0 50 4
P 22.2420951882 19.1685981902 0 50 4
P 11.3688558464 5.20244573344 0 11 1
P 16.6311441536 22.7975542666 0 11 1
P 12.3708922369 18.8896198707 0 84 3
P 15.6291077631 9.1103801293 0 84 3
P 4.70634776971 12.263005931 0 44 4
P 23.2936522303 15.736994069 0 44 4
