P 14 14 0 37 1
P 15.5217687745 23.0961630694 1 100 5
P 12.4782312255 4.90383693057 2 100 5
P 24.9417521062 11.5478805664 0 86 1
P 3.05824789383 16.4521194336 0 86 1
P 4.68252923976 9.04350278004 0 5 1
P 23.3174707602 18.95649722 0 5 1
P 7.28467976302 10.0297075664 0 23 4
P 20.715320237 17.9702924336 0 23 4
P 7.19221624576 22.9208859324 0 51 4
P 20.8077837542 5.07911406764 0 51 4
P 5.98952414023 8.36836335271 0 38 1
P 22.0104758598 19.6316366473 0 38 1
P 15.2784931216 8.05966479827 0 28 3
P 12.7215068784 19.9403352017 0 28 3
P 15.0685687671 9.938027218 0 79 5
P 12.9314312329 18.061972782 0 79 5
P 6.6825917477 18.4329064233 0 96 1
P 21.3174082523 9.56709357673 0 96 1
P 20.6951811763 8.62151330403 0 89 2
P 7.30481882368 19.378486696 0 89 2
P 7.88351627947 9.07286115006 0 76 2
P 20.1164837205 18.9271388499 0 76 2
P 3.35143634167 9.9572729913 0 60 4
P 24.6485636583 18.0427270087 0 60 4
