P 14 14 0 2 4
P 10.2063466263 22.5006457381 1 100 5
P 17.7936533737 5.49935426193 2 100 5
P 5.77699317775 10.3302508381 0 6 3
P 22.2230068222 17.6697491619 0 6 3
P 12.4413166601 2.17041530937 0 71 5
P 15.5586833399 25.8295846906 0 71 5
P 21.1253706471 23.3031066817 0 40 1
P 6.87462935292 4.69689331834 0 40 1
P 9.55833156947 10.768339429 0 45 2
P 18.4416684305 17.231660571 0 45 2
P 12.9289989519 9.31992797151 0 96 3
P 15.0710010481 18.6800720285 0 96 3
P 8.50407070399 4.74508834352 0 66 2
P 19.495929296 23.2549116565 0 66 2
P 21.0645159965 12.448126759 0 16 3
P 6.93548400349 15.551873241 0 16 3
P 9.06500736303 9.34079400276 0 79 1
P 18.934992637 18.6592059972 0 79 1
P 7.79165925605 21.507311398 0 3 5
P 20.208340744 6.49268860201 0 3 5
P 16.0044503694 3.82731180977 0 17 1
P 11.9955496306 24.1726881902 0 17 1
