P 14 14 0 93 2
P 11.4142712861 18.5937602374 1 100 5
P 16.5857287139 9.4062397626 2 100 5
P 13.2537976426 3.01316502903 0 25 3
P 14.7462023574 24.986834971 0 25 3
P 12.9325391257 9.51974617852 0 48 4
P 15.0674608743 18.4802538215 0 48 4
P 20.4450462188 20.1464037685 0 39 5
P 7.55495378121 7.85359623146 0 39 5
P 19.2705541218 20.7296234714 0 87 2
P 8.72944587819 7.27037652863 0 87 2
P 12.3123604709 21.0789980188 0 89 1
P 15.6876395291 6.92100198116 0 89 1
P 13.2388942051 22.2443462401 0 44 4
P 14.7611057949 5.75565375993 0 44 4
P 11.0939608958 16.0925266396 0 88 2
P 16.9060391042 11.9074733604 0 88 2
P 3.40959490035 13.1746823023 0 1 1
P 24.5904050996 14.8253176977 0 1 1
P 19.6820020284 24.1659854669 0 95 4
P 8.31799797155 3.83401453313 0 95 4
P 9.11781159473 15.5810024683 0 46 5
P 18.8821884053 12.4189975317 0 46 5
P 5.25965296638 6.17735989685 0 97 3
P 22.7403470336 21.8226401031 0 97 3
P 13.7336502888 8.17697345977 0 55 5
P 14.2663497112 19.8230265402 0 55 5
