P 14 14 0 1 0
P 7.28077027285 22.438884731 1 100 5
P 20.7192297271 5.56111526902 2 100 5
P 9.36081997153 11.2895707972 0 38 4
P 18.6391800285 16.7104292028 0 38 4
P 16.0790245341 19.4171448438 0 47 1
P 11.9209754659 8.58285515624 0 47 1
P 13.8815062802 23.5010498847 0 37 2
P 14.1184937198 4.49895011529 0 37 2
P 6.39156604331 12.5922600949 0 5 5
P 21.6084339567 15.4077399051 0 5 5
P 20.6308441719 10.2978408532 0 38 2
P 7.36915582815 17.7021591468 0 38 2
P 3.3338243625 10.0245192236 0 56 3
P 24.6661756375 17.9754807764 0 56 3
P 13.8895627065 2.79455182283 0 2 5
P 14.1104372935 25.2054481772 0 2 5
