P 14 14 0 25 0
P 8.62633595449 7.71924877626 1 100 5
P 19.3736640455 20.2807512237 2 100 5
P 12.030338772 18.7824644208 0 57 2
P 15.969661228 9.21753557915 0 57 2
P 15.8445947984 6.76355549997 0 74 5
P 12.1554052016 21.2364445 0 74 5
P 24.5877087673 19.3918170097 0 53 4
P 3.41229123272 8.60818299027 0 53 4
P 20.9646898665 4.27212131726 0 32 5
P 7.03531013345 23.7278786827 0 32 5
P 7.34842524561 11.3887570841 0 56 5
P 20.6515747544 16.6112429159 0 56 5
P 4.47217336201 16.75706038 0 17 3
P 23.527826638 11.24293962 0 17 3
P 8.40391534744 22.9845106667 0 54 4
P 19.5960846526 5.0154893333 0 54 4
P 5.72708878219 17.7870820768 0 67 1
P 22.2729112178 10.2129179232 0 67 1
