P 14 14 0 30 0
P 23.3165079766 11.8797170857 1 100 5
P 8.29609760343 6.33459603375 2 100 5
P 17.9061562592 3.41915434381 0 31 3
P 9.20612299126 14.4446575474 0 67 1
P 17.354973683 17.4529883718 0 67 1
P 13.982301662 2.06764220567 0 6 5
P 21.7669382165 4.9415152203 0 6 5
P 13.4822153595 25.3496850765 0 21 3
P 7.0187042459 22.9635351208 0 21 3
P 21.9949874965 8.96130466003 0 18 1
P 11.1969525391 4.97496810369 0 18 1
P 5.0795483462 21.3730157887 0 18 1
P 15.9896982667 25.4007420959 0 18 1
P 9.10356167912 23.5980371218 0 11 4
P 11.4851894655 24.4772683844 0 11 4
P 19.1307194267 12.473359569 0 40 1
P 11.0920446637 9.50570265749 0 40 1
P 2.89647358116 18.4083524789 0 68 5
P 19.5754882394 24.565784467 0 68 5
P 21.3456239643 16.0129853782 0 77 4
P 7.10845745831 10.75701635 0 77 4
P 21.746284082 14.8841880354 0 24 2
P 7.53738630833 9.63865504312 0 24 2
P 7.01737787942 17.8166057462 0 27 4
P 16.8276289519 21.4382797481 0 27 4
P 19.7100610642 21.8952444672 0 44 2
P 4.52946345447 16.2909867076 0 44 2
P 19.6826573531 16.3863087838 0 50 1
P 8.12992569776 12.1213590309 0 50 1
