P 14 14 0 90 4
P 13.268729541 18.8208011819 1 100 5
P 16.1884703771 9.64276717076 2 100 5
P 24.5200675672 17.3466721562 0 27 3
P 5.83112715652 12.6957867338 0 37 5
P 6.57904948451 10.3447367778 0 37 5
P 17.7217254804 7.10684203981 0 58 2
P 13.0549775973 21.7764902028 0 58 2
P 8.62994043817 14.1235950204 0 56 2
P 9.6883826839 10.7964439218 0 56 2
P 11.9547451644 24.0370314653 0 74 2
P 18.1297997833 4.62610957351 0 74 2
P 7.24153034704 18.8428072879 0 8 3
P 11.28180219 6.14244980013 0 8 3
P 3.72595167787 11.7323996806 0 26 3
P 4.30419176208 9.91473590235 0 26 3
P 10.0975574211 19.3590179588 0 32 2
P 13.9111361665 7.37125692281 0 32 2
P 16.8026640788 18.5893580322 0 95 3
P 18.939135911 11.8734841786 0 95 3
P 12.5553763905 6.57702704396 0 70 4
P 8.53210518516 19.2239440247 0 70 4
P 22.8483256764 6.18672460816 0 11 2
P 16.7076745243 25.4895012204 0 11 2
P 18.2995785813 24.9363865102 0 72 2
P 23.8280581826 7.5579352505 0 72 2
P 12.4453048413 4.29045178633 0 84 3
P 7.12114248313 21.0266437801 0 84 3
