P 14 14 0 13 2
P 10.1565098099 4.158065211 1 100 5
P 4.23077474388 9.97528446629 2 100 5
P 15.4657659727 15.4931087246 0 17 4
P 21.1505311262 21.2839188581 0 40 2
P 20.133223268 20.2476338938 0 26 3
P 23.1612494955 18.2263747778 0 27 3
P 18.0563505584 23.2377895748 0 27 3
P 8.09856391766 17.0956252643 0 17 5
P 17.2041568031 8.1567797584 0 17 5
P 13.9842711999 25.5880271873 0 88 5
P 25.586338915 14.1984238788 0 88 5
P 6.96981017062 5.76617807028 0 79 1
P 5.89750408094 6.81884741221 0 79 1
P 23.4753375542 11.1730174422 0 51 2
P 10.9983933242 23.4214759731 0 51 2
P 7.96515897013 24.2054197047 0 28 3
P 24.3152024295 8.15478858865 0 28 3
P 16.8944357318 22.5850233378 0 87 4
P 22.5300672465 17.052595074 0 87 4
