P 14 14 0 94 0
P 11.6506888255 4.62296696383 1 100 5
P 21.0236191398 7.35795319689 2 100 5
P 10.8657736844 24.7411454178 0 50 1
P 11.2015033025 23.5905837526 0 1 4
P 13.2229989838 16.6628201234 0 28 5
P 12.7833469804 18.1695288377 0 26 4
P 11.5286857545 22.4693136396 0 63 1
P 14.4264121808 10.3873512703 0 15 5
P 15.5833916659 10.7249535843 0 15 5
P 8.95597906225 14.5378419784 0 67 1
P 17.9632183283 17.1661209226 0 67 1
P 15.8220625345 19.3752283992 0 31 4
P 9.57306542722 17.5517942664 0 31 4
P 7.98843388871 15.4009878618 0 36 5
P 18.3147270425 18.4141618285 0 36 5
P 22.7948854082 6.05619779821 0 31 1
P 10.8574705513 2.572904506 0 31 1
P 5.10093316497 6.13047606725 0 15 3
P 25.7347912 12.1513591602 0 15 3
