P 14 14 0 79 3
P 19.8636624489 13.3977109463 1 100 5
P 8.13633755108 14.6022890537 2 100 5
P 12.8993722696 3.28469735008 0 91 4
P 15.1006277304 24.7153026499 0 91 4
P 13.3899859644 8.06112999739 0 68 3
P 14.6100140356 19.9388700026 0 68 3
P 19.5360711 15.8122386652 0 53 4
P 8.46392889999 12.1877613348 0 53 4
P 7.9124941362 23.8409042768 0 91 1
P 20.0875058638 4.15909572317 0 91 1
P 7.58776188978 7.95625340872 0 96 1
P 20.4122381102 20.0437465913 0 96 1
P 4.9011383501 12.9121487159 0 50 3
P 23.0988616499 15.0878512841 0 50 3
P 12.1144703433 20.1213012533 0 99 3
P 15.8855296567 7.87869874672 0 99 3
P 9.8338699893 19.5496702323 0 11 1
P 18.1661300107 8.45032976767 0 11 1
P 5.6841231404 14.5978895352 0 75 2
P 22.3158768596 13.4021104648 0 75 2
P 22.77453104 21.7665657088 0 41 5
P 5.22546895996 6.2334342912 0 41 5
P 19.0961740805 22.6983250729 0 96 4
P 8.90382591954 5.3016749271 0 96 4
