P 14 14 0 31 2
P 17.9219101108 15.7943166483 1 100 5
P 10.0780898892 12.2056833517 2 100 5
P 11.909504195 18.5692808133 0 17 4
P 16.090495805 9.43071918668 0 17 4
P 10.6382225063 21.3479723635 0 95 2
P 17.3617774937 6.65202763651 0 95 2
P 23.1660598006 8.83680425231 0 38 4
P 4.8339401994 19.1631957477 0 38 4
P 19.3047352534 4.44716301456 0 34 2
P 8.69526474662 23.5528369854 0 34 2
P 24.6096262968 14.6026312191 0 76 1
P 3.39037370322 13.3973687809 0 76 1
P 3.73856748052 17.7921639072 0 15 3
P 24.2614325195 10.2078360928 0 15 3
P 12.2919379148 22.6088125834 0 63 1
P 15.7080620852 5.39118741657 0 63 1
