P 14 14 0 84 0
P 19.6419229635 18.080290325 1 100 5
P 10.954865927 7.73843291664 2 100 5
P 6.49242711514 20.306286316 0 97 2
P 11.2131162026 16.3409545835 0 71 5
P 9.47760680841 17.7987651585 0 82 2
P 7.88464591381 19.1368364161 0 2 3
P 15.7997480053 3.51863486396 0 38 2
P 24.6346965954 14.036555737 0 38 2
P 3.86496159024 19.4073992234 0 32 5
P 6.92426912032 23.0494752581 0 32 5
P 5.72718130826 9.09792176449 0 75 4
P 17.4004421432 22.9948259219 0 75 4
P 10.9718301861 9.3495663882 0 55 1
P 18.0579032219 17.7854678233 0 55 1
P 11.9890627834 13.3844462391 0 6 5
P 14.2591866529 16.0870067562 0 6 5
P 21.1727172373 14.6025819869 0 61 1
P 14.6446137881 6.83093794964 0 61 1
