P 14 14 0 57 2
P 15.1091560901 23.186332382 1 100 5
P 12.8908439099 4.81366761795 2 100 5
P 2.83429573436 15.348145089 0 49 2
P 25.1657042656 12.651854911 0 49 2
P 5.97330304121 14.9691419214 0 77 1
P 22.0266969588 13.0308580786 0 77 1
P 9.337965574 19.8851064348 0 50 2
P 18.662034426 8.11489356521 0 50 2
P 3.70570228599 19.9546072315 0 96 3
P 24.294297714 8.04539276848 0 96 3
P 9.18906113908 9.32943716785 0 16 3
P 18.8109388609 18.6705628322 0 16 3
P 10.149160938 15.0549771347 0 49 3
P 17.850839062 12.9450228653 0 49 3
P 10.9019930302 17.1925740123 0 97 2
P 17.0980069698 10.8074259877 0 97 2
P 20.1084257148 24.2965776258 0 2 4
P 7.89157428521 3.70342237416 0 2 4
P 10.9921605309 18.518191742 0 87 5
P 17.0078394691 9.48180825803 0 87 5
P 21.4899484077 14.1434667676 0 4 2
P 6.5100515923 13.8565332324 0 4 2
P 15.3325710383 22.116929101 0 78 2
P 12.6674289617 5.88307089902 0 78 2
