P 14 14 0 64 4
P 7.8470809643 9.33466248994 1 100 5
P 21.6294835882 15.1894397506 2 100 5
P 10.0603816381 23.2740345244 0 16 4
P 9.47420182468 24.6539275313 0 16 1
P 7.27540720852 6.19509830851 0 16 3
P 24.2859924829 13.4212105164 0 16 3
P 5.42282576222 8.29246269535 0 59 3
P 24.0626446233 16.2106748234 0 59 3
P 8.32852234893 5.27418533606 0 1 3
P 24.2176586783 12.0239050048 0 1 3
P 22.9719173709 8.80568918303 0 97 3
P 11.5096173469 3.93649363224 0 97 3
P 8.2548480409 18.2570150662 0 24 2
P 14.9247597785 21.0903996826 0 24 2
P 12.915746444 2.92033432484 0 79 4
P 22.7270508486 7.08818542401 0 79 4
P 14.8596782583 17.5233592622 0 10 1
P 10.8673145221 15.8273994897 0 10 1
P 19.7086625073 21.9088739051 0 7 2
P 4.3444968235 15.3821622476 0 7 2
