P 14 14 0 14 1
P 4.03579283674 15.4516481772 1 100 5
P 22.4636016393 19.455286804 2 100 5
P 16.3335424626 21.6910103397 0 53 1
P 8.68555107483 20.0294023826 0 53 1
P 23.2321334595 10.9576508491 0 40 2
P 6.86251456118 7.40117600014 0 40 2
P 4.96524866113 8.88185971573 0 11 5
P 24.3439741166 13.0920951595 0 11 5
P 6.5577124336 11.9319157336 0 81 1
P 21.6294930582 15.2064213316 0 81 1
P 9.1200874102 15.67668153 0 40 1
P 17.7442777312 17.55037915 0 40 1
P 19.6311633543 4.44803768538 0 29 2
P 12.839929907 2.9725695576 0 29 2
P 10.8817012582 22.5683778876 0 70 5
P 13.28186229 23.0898385518 0 70 5
P 20.2036778977 16.9521489028 0 35 3
P 7.13062713853 14.111888753 0 35 3
P 9.98741572466 9.10980850424 0 85 2
P 19.6799672564 11.2156190279 0 85 2
P 10.9987370497 24.7632258358 0 32 5
P 12.2646567954 25.038260445 0 32 5
P 11.6791192653 7.02696460691 0 39 1
P 19.0050153308 8.61859390902 0 39 1
