P 14 14 0 79 1
P 23.2260305467 7.02514299292 1 100 5
P 4.77396945334 20.9748570071 2 100 5
P 8.25038862074 6.39466986023 0 19 3
P 19.7496113793 21.6053301398 0 19 3
P 7.31004477375 5.15082485411 0 94 2
P 20.6899552263 22.8491751459 0 94 2
P 24.3396064442 16.8968212377 0 23 1
P 3.6603935558 11.1031787623 0 23 1
P 11.6130993918 11.0128097022 0 25 5
P 16.3869006082 16.9871902978 0 25 5
P 22.6778198799 21.3813651285 0 86 3
P 5.3221801201 6.61863487154 0 86 3
P 13.6940569708 23.7624982194 0 30 4
P 14.3059430292 4.23750178061 0 30 4
P 9.7900574582 12.6274043888 0 71 3
P 18.2099425418 15.3725956112 0 71 3
P 23.9428203735 9.71910483178 0 91 1
P 4.05717962652 18.2808951682 0 91 1
P 5.86380704527 9.34726740292 0 89 4
P 22.1361929547 18.6527325971 0 89 4
P 10.7505637462 5.86239166301 0 82 3
P 17.2494362538 22.137608337 0 82 3
P 25.4015446298 17.4648374673 0 46 3
P 2.5984553702 10.5351625327 0 46 3
