P 14 14 0 52 5
P 6.5636694497 22.7172712648 1 100 5
P 22.8718784193 6.74882053255 2 100 5
P 20.7467858569 20.890336168 0 42 1
P 15.82561055 15.8644537811 0 95 3
P 17.583047902 17.6592838538 0 31 1
P 20.0247733729 20.152961537 0 36 1
P 21.693359431 21.8570498405 0 70 4
P 16.1426447966 7.52307697422 0 40 3
P 7.47940834274 16.005827272 0 40 3
P 4.38072816185 15.2420254467 0 15 3
P 15.444241118 4.40900497865 0 15 3
P 13.8797244463 5.88785145351 0 48 5
P 5.89218086754 13.7089859721 0 48 5
P 18.6864100812 5.45452962117 0 30 5
P 5.35777171472 18.5054848474 0 30 5
P 12.3502403342 23.1880244422 0 26 5
P 23.220716829 12.5440187966 0 26 5
P 8.09756188953 4.51420531086 0 28 4
P 4.64055676452 7.89918867246 0 28 4
P 20.6348654152 5.81485059521 0 80 5
P 5.67699680491 20.4610933804 0 80 5
P 22.1984561224 8.10911886572 0 44 4
P 7.93784226266 22.0726332071 0 44 4
