P 14 14 0 47 1
P 15.7641284932 24.8296428322 1 100 5
P 12.2358715068 3.17035716783 2 100 5
P 6.15098834276 15.2785892686 0 58 4
P 21.8490116572 12.7214107314 0 58 4
P 2.23357295885 15.9167288828 0 4 1
P 25.7664270412 12.0832711172 0 4 1
P 19.5094042521 22.0032665852 0 39 4
P 8.49059574794 5.99673341477 0 39 4
P 16.2016112496 18.7102189388 0 14 5
P 11.7983887504 9.28978106123 0 14 5
P 22.7956631866 21.2257621792 0 77 3
P 5.20433681343 6.77423782076 0 77 3
P 19.317228902 10.0565783957 0 74 1
P 8.68277109799 17.9434216043 0 74 1
P 20.1637419543 19.4101310261 0 62 1
P 7.8362580457 8.58986897391 0 62 1
P 18.9646090679 20.4031848196 0 50 2
P 9.0353909321 7.5968151804 0 50 2
P 13.0774689835 19.8220570877 0 32 4
P 14.9225310165 8.17794291235 0 32 4
P 16.6114447553 4.22531359622 0 60 2
P 11.3885552447 23.7746864038 0 60 2
P 19.7970563343 12.1412769628 0 73 5
P 8.2029436657 15.8587230372 0 73 5
