P 14 14 0 74 4
P 18.1461485888 21.8179879027 1 100 5
P 11.0732732337 22.3513923032 2 100 5
P 13.2229614739 3.69656674049 0 6 1
P 13.391238676 5.92790130491 0 87 2
P 13.1393759473 2.58823315552 0 84 1
P 24.647544548 14.1599768399 0 29 5
P 3.49687926231 15.7550647456 0 29 5
P 20.5431854113 8.89026571151 0 62 4
P 6.76447467651 9.92939401091 0 62 4
P 20.3724666817 22.4349788322 0 62 3
P 8.96467133865 23.2953033722 0 62 3
P 12.9549248111 23.8399654342 0 95 1
P 16.5090329502 23.5719306073 0 95 1
P 14.2405274684 7.7162530001 0 59 2
P 12.8197693003 7.82340018153 0 59 2
P 23.5869199472 11.7647758372 0 88 5
P 4.1862800574 13.2278847103 0 88 5
P 23.4037847591 20.0384006718 0 20 2
P 5.60820550335 21.3804631016 0 20 2
P 11.4848767219 18.8454359524 0 20 2
P 17.2133843164 18.4134177128 0 20 2
P 17.0447099206 11.3397114923 0 11 3
P 10.5907430438 11.8264406032 0 11 3
P 17.485377225 3.66643141404 0 59 4
P 9.00423684199 4.30604081965 0 59 4
P 20.2002684894 17.8375241724 0 58 3
P 8.44540483722 18.7240230409 0 58 3
