P 14 14 0 22 3
P 8.74952503069 9.36645574825 1 100 5
P 19.2504749693 18.6335442517 2 100 5
P 6.75795853404 22.2062791198 0 83 2
P 21.242041466 5.79372088022 0 83 2
P 21.8905186505 6.65752208139 0 73 4
P 6.10948134953 21.3424779186 0 73 4
P 13.4634099225 7.91314399801 0 57 2
P 14.5365900775 20.086856002 0 57 2
P 5.60109530944 12.0182677444 0 87 4
P 22.3989046906 15.9817322556 0 87 4
P 17.4661442375 10.5022189972 0 75 4
P 10.5338557625 17.4977810028 0 75 4
P 9.92665035189 10.0888716511 0 5 1
P 18.0733496481 17.9111283489 0 5 1
P 6.07707476484 13.4837223371 0 98 4
P 21.9229252352 14.5162776629 0 98 4
P 13.0879764301 21.604487176 0 66 4
P 14.9120235699 6.39551282398 0 66 4
P 7.90305501508 15.4752853049 0 81 3
P 20.0969449849 12.5247146951 0 81 3
P 13.5439541942 9.50589742668 0 84 1
P 14.4560458058 18.4941025733 0 84 1
P 25.6583231393 12.1426707603 0 18 2
P 2.3416768607 15.8573292397 0 18 2
P 4.35198711807 14.1223932077 0 11 3
P 23.6480128819 13.8776067923 0 11 3
