P 14 14 0 18 2
P 12.8244640334 17.6947132327 1 100 5
P 10.1662807849 14.5791266361 2 100 5
P 4.97347074298 21.7013326765 0 47 4
P 6.26280941068 20.601283507 0 47 3
P 9.16175050265 18.1279397529 0 64 2
P 8.00759484761 19.1126523049 0 66 4
P 22.8248015447 9.13294019364 0 3 1
P 20.1958472731 6.05161211119 0 3 1
P 8.27966153204 7.08366099205 0 27 4
P 19.9293789439 20.737988038 0 27 4
P 12.5939102216 19.4235017604 0 10 5
P 8.42275497251 14.5346005179 0 10 5
P 20.7030813794 7.4631278556 0 88 3
P 21.5107583854 8.40978480853 0 88 3
P 14.2163410274 20.6171236359 0 27 5
P 7.49947956275 12.7444671656 0 27 5
P 5.4033543105 7.0358856483 0 14 4
P 19.5236732443 23.5859396881 0 14 4
P 7.78980492908 17.345863594 0 25 4
P 9.71805347994 19.6059129505 0 25 4
P 18.2357386016 25.0175268742 0 91 4
P 3.78683417557 8.08234643049 0 91 4
P 16.4154140607 9.75346966984 0 85 2
P 18.5738765028 12.2833466668 0 85 2
