P 14 14 0 26 5
P 23.5453730376 7.79258960177 1 100 5
P 4.45462696239 20.2074103982 2 100 5
P 17.8108043538 2.9982791121 0 10 5
P 10.1891956462 25.0017208879 0 10 5
P 24.9649617267 15.1230321253 0 92 4
P 3.03503827334 12.8769678747 0 92 4
P 17.838649414 20.0092664745 0 83 2
P 10.161350586 7.99073352549 0 83 2
P 8.6609516014 16.1690663972 0 14 4
P 19.3390483986 11.8309336028 0 14 4
P 12.8772646425 23.0390254245 0 48 4
P 15.1227353575 4.96097457547 0 48 4
P 6.69370786528 21.482939938 0 75 3
P 21.3062921347 6.51706006202 0 75 3
P 16.2542746597 24.1171600641 0 96 5
P 11.7457253403 3.88283993592 0 96 5
P 13.6801739336 23.971022094 0 67 1
P 14.3198260664 4.028977906 0 67 1
P 5.62124372035 17.6342800029 0 91 5
P 22.3787562796 10.3657199971 0 91 5
P 21.51102541 8.147260202 0 32 4
P 6.48897459 19.852739798 0 32 4
P 15.7421582433 20.2008668897 0 9 3
P 12.2578417567 7.79913311033 0 9 3
P 7.76289819929 5.23609448435 0 60 5
P 20.2371018007 22.7639055157 0 60 5
P 16.8442802145 7.76356205812 0 79 5
P 11.1557197855 20.2364379419 0 79 5
