P 14 14 0 47 2
P 7.29292584623 20.7986443428 1 100 5
P 21.9789499566 19.2481202533 2 100 5
P 8.71018099769 15.1913691677 0 41 4
P 19.4219823878 14.0604363862 0 41 4
P 18.880214366 6.99772843803 0 19 4
P 7.76510847754 8.17124138526 0 19 4
P 18.5275541284 16.1001581945 0 63 3
P 10.0108414762 16.9993374434 0 63 3
P 7.66246159055 12.0317462022 0 17 3
P 19.786782133 10.7516821816 0 17 3
P 23.7935275507 15.1037954751 0 19 5
P 4.65290186045 17.124628411 0 19 5
P 22.6655003664 6.26317899393 0 50 1
P 3.90988456404 8.24336327631 0 50 1
P 11.4412925862 24.702298561 0 24 4
P 18.7372402327 23.9320054922 0 24 4
P 3.850512467 15.9491147385 0 34 5
P 24.3327451253 13.7866373448 0 34 5
P 21.8501166467 15.232290599 0 80 5
P 6.58029838135 16.8444506285 0 80 5
P 12.897167666 20.8194341736 0 95 3
P 16.5026105969 20.4387779745 0 95 3
