P 14 14 0 12 1
P 3.21456245212 18.2973851562 1 100 5
P 24.7854375479 9.70261484382 2 100 5
P 11.9259619228 8.7946466652 0 59 1
P 16.0740380772 19.2053533348 0 59 1
P 9.47789552178 16.9583038734 0 4 4
P 18.5221044782 11.0416961266 0 4 4
P 23.505677234 8.02682486124 0 3 5
P 4.49432276596 19.9731751388 0 3 5
P 14.3523539109 19.7548374809 0 12 3
P 13.6476460891 8.24516251909 0 12 3
P 8.85688159186 7.91004068381 0 23 5
P 19.1431184081 20.0899593162 0 23 5
P 20.1341836609 11.1853294113 0 21 2
P 7.86581633914 16.8146705887 0 21 2
P 10.9806509793 12.8235596903 0 65 3
P 17.0193490207 15.1764403097 0 65 3
P 21.3688609012 10.265703685 0 31 1
P 6.63113909876 17.734296315 0 31 1
P 24.3798429374 19.178821345 0 18 5
P 3.62015706265 8.82117865495 0 18 5
P 22.0177198254 12.5076562488 0 82 4
P 5.98228017456 15.4923437512 0 82 4
P 8.77549916422 10.4722374231 0 1 2
P 19.2245008358 17.5277625769 0 1 2
