P 14 14 0 25 3
P 8.16908818787 12.0035783652 1 100 5
P 19.8309118121 15.9964216348 2 100 5
P 11.7606383249 20.5404623026 0 99 1
P 16.2393616751 7.4595376974 0 99 1
P 17.6252658716 5.56919451727 0 40 1
P 10.3747341284 22.4308054827 0 40 1
P 7.59698763482 21.2195028186 0 58 3
P 20.4030123652 6.78049718143 0 58 3
P 5.52350783899 15.05296463 0 59 3
P 22.476492161 12.94703537 0 59 3
P 10.7308171633 3.33737619718 0 30 3
P 17.2691828367 24.6626238028 0 30 3
P 21.0602105718 9.12232266551 0 49 4
P 6.93978942824 18.8776773345 0 49 4
P 8.32847908719 18.4273790327 0 56 5
P 19.6715209128 9.57262096732 0 56 5
P 11.436984153 7.97421522618 0 32 2
P 16.563015847 20.0257847738 0 32 2
