P 14 14 0 17 0
P 14.0933298961 7.20208836038 1 100 5
P 7.25143368435 13.1770991476 2 100 5
P 9.25826423649 8.57030872202 0 55 3
P 10.1676245746 9.61160375462 0 24 3
P 20.101319505 6.6421828703 0 29 4
P 5.88761473713 19.054975565 0 29 4
P 18.926553991 15.7885628076 0 21 1
P 15.1088823794 19.122525843 0 21 1
P 10.6694985848 22.2288290842 0 24 3
P 22.6023566271 11.8078941096 0 24 3
P 19.9402159079 12.3235928062 0 80 4
P 11.538974165 19.6603761316 0 80 4
P 24.7652218812 12.2741347911 0 89 5
P 10.8402497768 24.4347779755 0 89 5
P 16.151657075 21.0405446712 0 80 2
P 20.6866881948 17.0801133781 0 80 2
P 18.8979304393 12.7134228633 0 98 3
P 12.0656039672 18.6800764209 0 98 3
