P 14 14 0 99 5
P 11.3575696442 7.34338284959 1 100 5
P 16.6424303558 20.6566171504 2 100 5
P 3.69598446276 18.0903123654 0 1 2
P 24.3040155372 9.90968763463 0 1 2
P 13.9668659011 25.3138410228 0 101 1
P 14.0331340989 2.68615897724 0 101 1
P 10.467047443 21.2499240403 0 15 2
P 17.532952557 6.75007595975 0 15 2
P 10.5729840664 12.5843855872 0 88 4
P 17.4270159336 15.4156144128 0 88 4
P 12.2501108573 11.2458268262 0 78 2
P 15.7498891427 16.7541731738 0 78 2
P 13.1945246532 20.7821801343 0 34 4
P 14.8054753468 7.2178198657 0 34 4
