P 14 14 0 27 1
P 20.9110671267 22.3048816074 1 100 5
P 6.16870019309 21.4434300345 2 100 5
P 8.94650340586 3.87074166313 0 71 1
P 20.1988562279 4.52825867392 0 71 1
P 18.0939817966 7.29275349231 0 15 5
P 10.7150724396 6.8615762532 0 15 5
P 19.2353110265 20.7736886338 0 7 3
P 8.01138920835 20.1178329527 0 7 3
P 7.40208858973 21.3305201194 0 45 1
P 19.6992234748 22.0490876492 0 45 1
P 17.1706516 21.635926857 0 55 4
P 9.96157234816 21.2146734254 0 55 4
P 11.4528769941 5.74201553513 0 10 2
P 17.4915935625 6.09488030305 0 10 2
