P 14 14 0 13 0
P 16.2256460666 14.7101984432 1 100 5
P 12.5864927899 15.8600751623 2 100 5
P 16.977684315 23.4238360093 0 50 1
P 15.7707366757 19.6040635212 0 95 2
P 15.1507723671 24.4627076798 0 12 1
P 19.0698320312 23.2243879043 0 12 1
P 17.9458574618 20.1834596871 0 66 2
P 14.3234251743 21.3280530134 0 66 2
P 4.40632542889 10.7555327489 0 36 5
P 19.9877065413 5.83222613588 0 36 5
P 12.6016645009 18.1229545992 0 7 4
P 17.5134375569 16.570963502 0 7 4
P 12.733164672 23.8985960912 0 17 4
P 20.724388536 21.3735795338 0 17 4
P 11.1993634624 7.52964789919 0 45 1
P 12.5744287144 7.09516344626 0 45 1
P 2.79694604221 17.2066574025 0 42 1
P 25.0115959284 10.1874123239 0 42 1
P 17.636764611 2.96640545004 0 13 2
P 4.68379997254 7.05920158939 0 13 2
P 18.6437385216 17.531143337 0 5 1
P 12.228274276 19.5582613003 0 5 1
P 25.6810200162 15.5519132506 0 53 4
P 5.33140084183 21.9818576779 0 53 4
P 4.73565757178 19.6578657983 0 86 2
P 24.8332816976 13.3075451784 0 86 2
P 9.29568430037 24.8318145493 0 1 5
P 24.0739953226 20.1622569626 0 1 5
