P 14 14 0 83 4
P 10.1889694221 16.7142718374 1 100 5
P 12.0850895999 9.73100201073 2 100 5
P 4.46764443166 11.4117437557 0 29 2
P 6.83454094315 12.0544112088 0 57 4
P 7.93270571782 22.2193146871 0 16 4
P 12.9228958458 3.84081497001 0 16 4
P 11.274133962 11.2306292225 0 17 5
P 10.2478292886 15.0104331311 0 17 5
P 8.8265423174 5.84868406951 0 68 3
P 5.4143846035 18.4154075752 0 68 3
P 17.8591890256 4.69094323848 0 81 1
P 12.6210805963 23.982507651 0 81 1
P 18.4253081837 21.8838288935 0 59 2
P 21.8049217697 9.43696299463 0 59 2
P 25.1848866932 11.3736696509 0 11 3
P 22.320625595 21.9225306026 0 11 3
P 17.5134122365 8.39727286254 0 89 4
P 14.1972990369 20.6102715535 0 89 4
P 4.41442721982 19.6300790504 0 53 2
P 8.57823612927 4.29508000197 0 53 2
P 23.6945559565 11.4147365572 0 32 1
P 21.055725184 21.1333543575 0 32 1
P 9.34282252011 18.6151255807 0 16 1
P 12.316514973 7.66323707495 0 16 1
P 3.01127777377 14.2970014314 0 13 3
P 4.67052035828 8.18613419227 0 13 3
P 23.8741842158 9.57559989849 0 93 3
P 20.2805251448 22.8107794259 0 93 3
