P 14 14 0 65 4
P 5.23159725922 16.2790907551 1 100 5
P 5.17219265854 11.9631006808 2 100 5
P 19.4759906642 13.9246293358 0 29 2
P 21.2910957653 13.8996465179 0 51 2
P 25.3296083637 13.8440610731 0 15 3
P 23.0503140651 13.8754329172 0 63 3
P 15.3324991931 18.0810594162 0 22 4
P 15.2196735961 9.88381288364 0 22 4
P 17.1855556952 16.6984488873 0 91 5
P 17.1100809866 11.2148989711 0 91 5
P 10.1839461598 23.5549856423 0 36 2
P 9.92241495271 4.55366114743 0 36 2
P 24.1930256889 14.7675418276 0 84 5
P 24.1680397739 12.9522117069 0 84 5
