P 14 14 0 50 0
P 9.67204079855 12.1393003201 1 100 5
P 18.3279592014 15.8606996799 2 100 5
P 11.7799795738 19.4504403486 0 21 3
P 16.2200204262 8.54955965139 0 21 3
P 7.86249740036 7.47038118565 0 9 5
P 20.1375025996 20.5296188144 0 9 5
P 23.5023946514 10.8642248531 0 47 1
P 4.49760534865 17.1357751469 0 47 1
P 10.3569822478 20.6300533887 0 5 2
P 17.6430177522 7.3699466113 0 5 2
P 23.9863693441 14.8993865299 0 2 2
P 4.0136306559 13.1006134701 0 2 2
P 6.46549604672 6.78522050952 0 76 4
P 21.5345039533 21.2147794905 0 76 4
P 21.9383120125 6.32861274283 0 91 1
P 6.06168798753 21.6713872572 0 91 1
P 6.31521554912 5.65284945741 0 98 5
P 21.6847844509 22.3471505426 0 98 5
P 13.3932140318 21.357392111 0 26 4
P 14.6067859682 6.64260788897 0 26 4
P 3.25618607223 9.84589899185 0 65 4
P 24.7438139278 18.1541010081 0 65 4
P 15.834190307 20.458059852 0 30 5
P 12.165809693 7.54194014801 0 30 5
P 22.5195291676 8.41963778902 0 39 1
P 5.48047083243 19.580362211 0 39 1
