P 14 14 0 97 0
P 25.1406708272 16.4157128443 1 100 5
P 2.85932917283 11.5842871557 2 100 5
P 12.1484181762 22.5390379313 0 76 5
P 15.8515818238 5.46096206874 0 76 5
P 11.8092289398 24.1032948916 0 24 3
P 16.1907710602 3.89670510838 0 24 3
P 6.8565382338 18.9983827412 0 96 2
P 21.1434617662 9.00161725876 0 96 2
P 3.65074016604 12.3349808709 0 94 3
P 24.349259834 15.6650191291 0 94 3
P 4.68015850932 13.1144893492 0 12 1
P 23.3198414907 14.8855106508 0 12 1
P 18.3690227264 20.1972052148 0 53 3
P 9.6309772736 7.80279478525 0 53 3
P 22.3328315074 6.41669655548 0 48 5
P 5.66716849264 21.5833034445 0 48 5
P 9.32951663258 23.4597486398 0 6 3
P 18.6704833674 4.54025136015 0 6 3
P 6.74118541671 9.03632180063 0 8 2
P 21.2588145833 18.9636781994 0 8 2
P 11.4632884781 17.9597893747 0 49 3
P 16.5367115219 10.0402106253 0 49 3
P 15.1753441103 24.3760386441 0 62 1
P 12.8246558897 3.62396135593 0 62 1
P 23.2799582375 12.7389158347 0 11 1
P 4.72004176254 15.2610841653 0 11 1
