P 14 14 0 91 4
P 19.9092341224 10.6572457789 1 100 5
P 8.0907658776 17.3427542211 2 100 5
P 21.6662785864 5.35729011382 0 42 3
P 6.33372141358 22.6427098862 0 42 3
P 21.4375813221 9.84337353604 0 37 1
P 6.56241867788 18.156626464 0 37 1
P 7.37883091285 20.4661007708 0 91 4
P 20.6211690872 7.53389922921 0 91 4
P 13.2196074884 21.2879773972 0 98 2
P 14.7803925116 6.71202260285 0 98 2
P 3.87276845968 14.4712380363 0 1 4
P 24.1272315403 13.5287619637 0 1 4
P 16.7301761887 6.35494345963 0 1 1
P 11.2698238113 21.6450565404 0 1 1
P 15.8334116591 11.1722520468 0 31 2
P 12.1665883409 16.8277479532 0 31 2
P 20.9813528155 15.9197758042 0 31 3
P 7.01864718445 12.0802241958 0 31 3
P 18.4950193238 4.44425064198 0 8 4
P 9.50498067617 23.555749358 0 8 4
P 25.1593232836 17.8023995693 0 37 1
P 2.84067671637 10.1976004307 0 37 1
P 5.32310509412 6.56608603975 0 93 5
P 22.6768949059 21.4339139603 0 93 5
P 17.5222154745 9.76954266082 0 63 5
P 10.4777845255 18.2304573392 0 63 5
