P 14 14 0 31 4
P 8.81143418544 15.4796380244 1 100 5
P 16.3669734971 9.15149710126 2 100 5
P 7.83629385412 6.64078903158 0 32 5
P 11.7304273131 11.2902238012 0 29 5
P 4.58710948608 16.1929091488 0 27 3
P 17.8102994699 5.11782817597 0 27 3
P 8.87965091991 19.3130462447 0 34 5
P 20.1289577122 9.89119087053 0 34 5
P 10.9811105521 16.5019467514 0 73 3
P 16.9927771343 11.4668762229 0 73 3
P 5.48841491775 15.6250763812 0 1 1
P 17.0931482886 5.90553352455 0 1 1
P 16.5142256142 22.7177974574 0 51 5
P 22.1414877134 18.0046848513 0 51 5
P 20.9686401249 11.1312376489 0 22 5
P 9.95315030979 20.3572596457 0 22 5
P 25.6592652621 13.3551082979 0 52 2
P 11.3196031604 25.3652903413 0 52 2
P 3.70339332579 17.6017245188 0 93 3
P 19.3523037724 4.49498170223 0 93 3
P 14.7055213527 24.8276759102 0 59 4
P 24.5359620145 16.5941916707 0 59 4
P 15.9553875153 7.53469949497 0 61 1
P 7.29192190576 14.7907839381 0 61 1
P 11.1033948912 13.2765636942 0 3 1
P 13.7959660289 11.021401104 0 3 1
