P 14 14 0 54 5
P 23.3551856977 17.6602580116 1 100 5
P 4.64481430229 10.3397419884 2 100 5
P 12.6827513064 17.3667315528 0 82 5
P 15.3172486936 10.6332684472 0 82 5
P 7.16199873738 10.7444820776 0 34 3
P 20.8380012626 17.2555179224 0 34 3
P 6.83928821111 23.5108418679 0 55 4
P 21.1607117889 4.48915813208 0 55 4
P 10.4925029774 24.8334169099 0 57 5
P 17.5074970226 3.1665830901 0 57 5
P 11.1243577904 5.97438009715 0 31 5
P 16.8756422096 22.0256199029 0 31 5
P 21.2839363136 18.6555436046 0 21 3
P 6.71606368642 9.34445639543 0 21 3
P 16.6225786373 23.5517888266 0 47 3
P 11.3774213627 4.44821117338 0 47 3
P 18.298639226 16.0557813575 0 72 2
P 9.70136077402 11.9442186425 0 72 2
P 7.73248254877 8.35521815778 0 46 1
P 20.2675174512 19.6447818422 0 46 1
