P 14 14 0 42 5
P 18.6508990973 7.65252500119 1 100 5
P 9.34910090271 20.3474749988 2 100 5
P 21.5730713127 20.9781957207 0 26 2
P 6.42692868731 7.02180427929 0 26 2
P 11.6427678723 17.7176294281 0 32 5
P 16.3572321277 10.2823705719 0 32 5
P 7.45572309059 11.870944646 0 84 5
P 20.5442769094 16.129055354 0 84 5
P 12.8505631637 19.4800049853 0 39 2
P 15.1494368363 8.51999501468 0 39 2
P 11.3945317762 20.884830671 0 47 2
P 16.6054682238 7.11516932898 0 47 2
P 6.33320058277 13.1417030805 0 82 2
P 21.6667994172 14.8582969195 0 82 2
P 23.8987028744 8.00157490468 0 32 1
P 4.10129712558 19.9984250953 0 32 1
P 13.984885984 17.1377598613 0 73 4
P 14.015114016 10.8622401387 0 73 4
P 5.14555979187 10.7598850466 0 56 3
P 22.8544402081 17.2401149534 0 56 3
P 5.95842182325 21.8332671314 0 53 1
P 22.0415781768 6.16673286864 0 53 1
P 17.8017711486 6.68131264371 0 62 2
P 10.1982288514 21.3186873563 0 62 2
P 19.6078646674 24.293752665 0 29 1
P 8.3921353326 3.70624733503 0 29 1
P 5.49426859079 19.4092727992 0 9 1
P 22.5057314092 8.59072720084 0 9 1
