P 14 14 0 6 1
P 9.82595214006 5.84600476763 1 100 5
P 18.1740478599 22.1539952324 2 100 5
P 22.636347537 13.3669018318 0 85 3
P 5.36365246303 14.6330981682 0 85 3
P 16.5414695409 2.97959383159 0 14 5
P 11.4585304591 25.0204061684 0 14 5
P 16.6113750248 10.3332499608 0 81 5
P 11.3886249752 17.6667500392 0 81 5
P 5.77530851293 6.79026308189 0 53 5
P 22.2246914871 21.2097369181 0 53 5
P 5.50611693824 13.1724345421 0 5 3
P 22.4938830618 14.8275654579 0 5 3
P 17.3121679001 14.4711875054 0 86 5
P 10.6878320999 13.5288124946 0 86 5
P 5.41505564875 17.4339179139 0 19 4
P 22.5849443513 10.5660820861 0 19 4
P 10.2882257662 21.1367317647 0 50 3
P 17.7117742338 6.86326823527 0 50 3
P 19.2723701241 22.4596404923 0 14 1
P 8.72762987594 5.54035950768 0 14 1
P 14.6579628745 6.96067608483 0 42 3
P 13.3420371255 21.0393239152 0 42 3
P 6.63942836725 22.959549822 0 38 4
P 21.3605716327 5.04045017796 0 38 4
