P 14 14 0 18 2
P 10.4436382357 12.6504866989 1 100 5
P 12.6147517895 10.457404547 2 100 5
P 20.7295975737 18.8696510658 0 6 5
P 18.9371538023 20.6802318327 0 6 5
P 3.09647416746 15.8267824868 0 63 5
P 15.7169198064 3.07863578973 0 63 5
P 19.1666176294 23.3473362295 0 12 2
P 23.3988769114 19.0722524702 0 12 2
P 17.3621744347 3.86900288869 0 23 2
P 3.90336464114 17.4639967998 0 23 2
P 5.15144649791 6.02495118794 0 62 1
P 5.93627345847 5.23218288869 0 62 1
P 13.7460222422 7.07843588835 0 95 1
P 7.07622976151 13.8157172344 0 95 1
P 5.98677912963 8.33454264172 0 87 5
P 8.25415749163 6.04422161791 0 87 5
P 23.9951152166 12.433285401 0 4 3
P 12.5339895732 24.0103814241 0 4 3
P 17.7692858109 2.64900946954 0 34 2
P 2.68753159933 17.8833697005 0 34 2
P 25.4166188167 11.2429551083 0 69 3
P 11.358030442 25.4437965114 0 69 3
P 18.9975814123 21.7235317128 0 51 2
P 21.7734529306 18.9195723012 0 51 2
