P 14 14 0 84 2
P 12.1959637152 9.6626913603 1 100 5
P 15.8040362848 18.3373086397 2 100 5
P 10.3232097142 15.5293039159 0 69 5
P 17.6767902858 12.4706960841 0 69 5
P 3.67909087824 18.292822138 0 33 1
P 24.3209091218 9.70717786203 0 33 1
P 15.6508583437 7.36953691189 0 53 1
P 12.3491416563 20.6304630881 0 53 1
P 7.28746227661 9.77214976481 0 64 3
P 20.7125377234 18.2278502352 0 64 3
P 24.6065323845 16.1342557616 0 49 1
P 3.3934676155 11.8657442384 0 49 1
P 15.6181927004 4.06052484039 0 25 3
P 12.3818072996 23.9394751596 0 25 3
P 12.3866778121 3.78232324168 0 86 2
P 15.6133221879 24.2176767583 0 86 2
P 21.2622453787 7.57471909548 0 83 5
P 6.73775462133 20.4252809045 0 83 5
P 21.9396051788 13.7713459342 0 76 4
P 6.06039482118 14.2286540658 0 76 4
