P 14 14 0 23 2
P 2.15766130263 14.258292692 1 100 5
P 25.4322655612 17.1001621047 2 100 5
P 13.1371931204 21.0662953701 0 22 5
P 12.6656417853 24.9282499913 0 13 4
P 12.9406715018 22.6757862503 0 6 1
P 6.67355723329 17.3982561655 0 24 3
P 20.2935191369 19.0612770576 0 24 3
P 10.6857322866 6.40353955753 0 18 4
P 19.0447267706 7.42418723351 0 18 4
P 7.18571587681 19.0793098826 0 57 4
P 19.3919188583 20.5697083665 0 57 4
P 6.06679709334 5.70302977277 0 34 5
P 23.6965132421 7.85564858949 0 34 5
P 7.8213404235 6.39423508097 0 13 4
P 21.8272026163 8.10437506543 0 13 4
